START 2052 -2172 23580 -4997 147 -2521 END
START 2068 -4712 32767 -6128 -1739 -2415 END
START 1624 -3212 22092 -6146 -1124 -1964 END
START 2980 -1504 21196 -6507 -560 -1507 END
START 3528 -976 21336 -7309 -1074 -1035 END
START 4300 -332 20488 -7941 -1592 -297 END
START 4768 544 19904 -8430 -2155 526 END
START 5428 776 18104 -8816 -2391 1599 END
START 5388 1044 16424 -8939 -2109 2718 END
START 5032 1276 15472 -8983 -2090 3798 END
START 5024 1288 13884 -8985 -2079 4757 END
START 4788 1440 12548 -8806 -2025 5619 END
START 4736 1888 11164 -8496 -1995 6393 END
START 4884 2356 9688 -7994 -1881 7447 END
START 4620 2524 8356 -7280 -1517 8432 END
START 4352 2592 6768 -6303 -990 9376 END
START 3756 2752 6560 -5397 -355 10224 END
START 2800 2580 6076 -4451 -237 10904 END
START 1952 2636 5420 -3247 -225 11704 END
START 792 2240 4364 -1867 -88 12522 END
START -628 1596 4312 -298 319 12694 END
START -2228 992 4856 1059 604 12633 END
START -3944 412 5312 2329 530 12320 END
START -4972 -332 5436 3631 403 11754 END
START -5560 -960 5712 5080 426 11035 END
START -6480 -1364 6828 6454 669 10380 END
START -6944 -2236 8092 7580 800 9883 END
START -7876 -2952 9208 8424 1063 9420 END
START -8940 -4108 10548 8984 1368 9039 END
START -10156 -5640 12024 9120 2000 8404 END
START -11696 -7272 13352 9060 2794 7173 END
START -13572 -9116 15256 8970 3553 5355 END
START -14564 -10640 16656 9107 3333 2757 END
START -15052 -11376 18464 9451 3054 -314 END
START -14380 -11340 20664 9788 2985 -3283 END
START -12972 -10584 23384 9792 2100 -5993 END
START -11068 -9364 25216 9335 1578 -8063 END
START -9296 -8108 27480 8358 1444 -9439 END
START -7396 -7088 29324 6539 989 -10327 END
START -5468 -6216 29984 4335 689 -10725 END
START -3868 -5760 30060 2072 791 -10973 END
START -2700 -5144 30032 9 836 -11367 END
START -1360 -4568 29824 -1656 845 -11589 END
START -64 -3388 29724 -3436 650 -11288 END
START 652 -2252 29380 -5207 -12 -10683 END
START 1456 -1612 28448 -6858 -1124 -9847 END
START 2148 -560 26484 -8289 -2167 -8765 END
START 2520 -144 24512 -9239 -2811 -7652 END
START 2808 196 22788 -9954 -3340 -6723 END
START 3020 740 20912 -10573 -4133 -5825 END
START 3216 1028 18300 -10956 -4451 -4947 END
START 3000 1320 15632 -11136 -4547 -4162 END
START 2892 1404 13788 -11067 -4602 -3474 END
START 2968 1616 11468 -10704 -4647 -2774 END
START 2748 1616 9256 -10003 -4188 -2012 END
START 2580 1708 7824 -9301 -3744 -1411 END
START 2480 1444 6448 -8484 -3637 -873 END
START 2324 1716 4880 -7318 -3600 -265 END
START 2140 1868 3076 -5896 -3498 301 END
START 2160 2180 1616 -4295 -3094 696 END
START 2200 2404 348 -2664 -2291 1132 END
START 2540 2792 56 -1073 -1447 1713 END
START 2532 3000 -388 508 -737 2449 END
START 2284 3048 -568 2052 147 3399 END
START 1696 2748 -620 3604 1126 4300 END
START 536 2100 228 5156 1751 4991 END
START -340 1504 484 6720 2401 5574 END
START -1700 728 1760 8198 3177 5960 END
START -3620 -192 3116 9535 3721 5977 END
START -5264 -1616 4796 10853 4241 5670 END
START -6892 -3236 7032 12140 4643 4999 END
START -8412 -4740 9676 13282 4777 3983 END
START -9980 -5900 12756 14497 4951 2735 END
START -11332 -7196 16232 15355 4509 1011 END
START -11860 -8060 19652 15757 3972 -1372 END
START -11424 -8324 22792 15580 3161 -4246 END
START -10032 -7760 25676 14697 2869 -6790 END
START -7940 -6760 27728 13059 2993 -8654 END
START -5456 -4920 30016 10810 3068 -9723 END
START -3548 -3244 30316 8403 2735 -9830 END
START -1804 -2116 30292 6319 2218 -9280 END
START -660 -1120 29456 4705 1568 -8456 END