START -1828 -4496 16896 247 -2420 477 END
START -3600 -3144 11900 -515 -3117 490 END
START -3188 -6964 13464 701 -4325 932 END
START -3136 -8212 9384 3176 -2395 411 END
START -5484 -9228 11532 5490 873 -1398 END
START -6668 -9808 15140 5679 2758 -3679 END
START -7052 -9864 18036 4636 2935 -5860 END
START -6720 -8028 18928 2987 1826 -7558 END
START -5188 -6920 19284 1689 412 -8110 END
START -3828 -6748 18408 1289 -372 -7723 END
START -3624 -6668 18648 1017 -377 -7006 END
START -3544 -7928 19088 316 -290 -6839 END
START -3828 -9032 19308 -513 638 -7487 END
START -3720 -9064 20304 -1490 1783 -8820 END
START -2832 -8324 21400 -2850 2458 -9994 END
START -1680 -6896 22236 -4303 2872 -10534 END
START -244 -5904 23228 -6080 2137 -10524 END
START 1200 -5200 21872 -7363 1284 -9677 END
START 1760 -5036 21088 -8308 1311 -8871 END
START 1788 -4596 19780 -9344 1774 -8258 END
START 2268 -4720 19056 -10199 2889 -7772 END
START 2544 -5004 18744 -11361 4538 -7477 END
START 2932 -5084 18016 -12646 6100 -7219 END
START 3308 -3700 17772 -13810 6778 -6901 END
START 4288 -2516 16576 -14508 5667 -5756 END
START 5216 -2360 14560 -13821 3494 -3850 END
START 5120 -2276 12480 -11981 934 -1870 END
START 4928 -2740 9804 -9566 -1515 -57 END
START 4596 -3020 8120 -7327 -2305 1343 END
START 4224 -3464 8020 -6023 -2243 2461 END
START 3632 -3712 6868 -5523 -1925 3473 END
START 3020 -4328 5656 -5186 -1093 4134 END
START 2684 -4972 4624 -4636 -86 4364 END
START 1904 -4524 4220 -3876 1098 4433 END
START 1856 -4440 4216 -2822 1445 4565 END
START 1820 -3868 4528 -1517 1190 4913 END
START 1624 -3780 4512 124 307 5451 END
START 1212 -3936 4960 1801 -393 5925 END
START 672 -4116 5388 3239 -816 6379 END
START 76 -4280 5860 4170 -881 6522 END
START -420 -4388 6912 4641 -891 6545 END
START -824 -4952 7468 5194 -961 6548 END
START -1256 -5108 7780 5825 -644 6419 END
START -1620 -5320 8752 6299 -366 6121 END
START -1780 -5716 9304 6651 -182 5725 END
START -1756 -5856 9968 7142 -23 5150 END
START -1672 -5528 10812 7718 -557 4587 END
START -1676 -5148 11564 8502 -1326 4446 END
START -1808 -4820 12016 9195 -1963 4614 END
START -1816 -5392 12544 9687 -2125 4751 END
START -1724 -5868 13224 10004 -1947 4785 END
START -2020 -6028 13940 9965 -1525 4600 END
START -1840 -5904 14284 9689 -1017 4248 END
START -1460 -5260 14548 9336 107 4149 END
START -1376 -4700 16200 8957 966 4494 END
START -1724 -4828 17524 8693 1224 5067 END
START -2100 -5236 18816 8630 40 5378 END
START -2352 -5820 19208 8783 -1328 5454 END
START -2480 -6072 19308 8929 -2089 5255 END
START -2344 -6244 19680 8751 -1847 5107 END
START -2652 -6048 20860 7953 -1161 5142 END
START -3248 -6084 21472 6665 -540 5171 END
START -3660 -6368 21308 5528 -303 5043 END
START -3828 -6460 21680 4694 185 4875 END
START -3960 -6796 22188 3844 290 4763 END
START -4344 -7020 22284 3042 101 4528 END
START -4808 -7100 22064 2381 -587 4108 END
START -5052 -7064 21380 1852 -763 3658 END
START -5596 -7272 21316 1201 -589 3238 END
START -6092 -7556 21176 552 -335 2490 END
START -6444 -7748 21196 -107 13 1632 END
START -6500 -7144 21552 -880 77 717 END
START -6252 -6700 21084 -1657 -299 192 END
START -5532 -6612 20536 -2297 -297 36 END
START -5552 -6528 20400 -2949 -430 -130 END
START -5828 -6484 19820 -3525 -578 -411 END
START -6248 -6680 18988 -3924 -603 -740 END
START -6692 -6872 18100 -4092 -215 -1419 END
START -6548 -7124 17984 -4426 685 -2418 END
START -6312 -6596 18176 -5023 1239 -3416 END
START -5836 -6184 17948 -5516 1398 -3975 END
START -5716 -6108 17672 -5703 1342 -4296 END
START -5572 -5964 17308 -5755 896 -4681 END
START -5232 -5944 16972 -5645 654 -4995 END
START -4788 -5756 16832 -5810 519 -5320 END
START -4508 -5796 16336 -6148 813 -5624 END
START -4500 -5924 16056 -6550 1171 -6176 END
START -3924 -6176 15368 -6806 1766 -6855 END
START -3388 -5768 15848 -7115 2239 -7563 END
START -2808 -5264 15844 -7297 1831 -7875 END
START -2436 -5040 15064 -7171 1148 -7818 END
START -1984 -5264 14152 -6823 751 -7862 END
START -1652 -5444 14352 -6672 827 -8238 END
START -1148 -5176 14164 -6784 771 -8566 END
START -620 -5032 13464 -6988 515 -8807 END
START -176 -4540 12336 -7005 575 -8936 END
START 904 -4120 12024 -6819 1158 -8992 END
START 1692 -3512 13136 -6560 1227 -8817 END
START 3180 -2420 13364 -6048 -143 -8073 END
START 4212 -1764 12348 -5090 -1827 -6531 END
START 5076 -1788 10948 -3889 -3124 -4576 END
START 5372 -2216 10128 -2837 -2834 -2775 END
START 5168 -2908 9520 -2242 -2050 -1147 END
START 4448 -3464 9224 -2203 -1202 65 END
START 3788 -4216 8564 -2282 -571 859 END
START 3312 -4740 8076 -1990 -105 1370 END
START 2884 -4972 8260 -1219 -78 1893 END
START 2440 -5036 8472 -271 -488 2353 END
START 2376 -4760 8216 837 -900 2839 END
START 1996 -4960 8508 1975 -1018 3330 END
START 2308 -5020 9660 2996 -1336 3625 END
START 2624 -4568 10300 3756 -1672 4199 END
START 2688 -4624 10648 4260 -1678 5252 END
START 2048 -4612 11116 4541 -847 6309 END
START 1388 -5120 12768 4371 125 7127 END
START 388 -5784 14392 3931 115 7301 END
START -8 -6372 15380 3612 -749 7181 END
START -32 -6360 15900 3595 -1977 6935 END
START 152 -6288 15416 3973 -2803 6960 END
START 380 -6112 15320 4500 -2747 7500 END
START 44 -6344 16416 4584 -2087 8354 END
START -1112 -6616 17648 3999 -1538 9120 END
START -2220 -7044 18056 3151 -1445 9513 END
START -3404 -8088 17956 2403 -1358 9472 END
START -4400 -9036 17448 1844 -1199 8859 END
START -4988 -9420 17856 1474 -809 7842 END
START -5180 -9584 18064 1182 -798 6927 END
START -5336 -9520 18288 805 -1022 6140 END
START -5544 -9228 18376 408 -1127 5471 END
START -5448 -8840 18356 -95 -788 5000 END
START -6044 -9104 18428 -715 -621 4623 END
START -6680 -9280 18560 -1336 -335 3971 END
START -7212 -9352 17932 -1913 -486 3057 END
START -7608 -9420 17216 -2275 -395 1964 END
START -7572 -9276 17052 -2706 -232 636 END
START -7028 -8880 16492 -3162 -118 -665 END
START -6396 -7808 15876 -3640 -78 -1773 END
START -5536 -6904 14760 -3823 -158 -2478 END
START -4972 -6336 13644 -3465 -77 -2944 END
START -4348 -5492 13604 -2984 43 -3339 END
START -3380 -5064 13212 -2757 -108 -3308 END
START -2820 -4448 12684 -2710 -380 -3213 END
START -2196 -4364 11680 -2526 -266 -2993 END
START -2216 -4228 11120 -2245 69 -2875 END
START -1768 -4312 10084 -1859 73 -2825 END
START -1840 -4096 8856 -1141 398 -2896 END
START -1740 -4060 8440 -302 952 -2940 END
START -1488 -3824 8516 534 1312 -2909 END
START -1376 -3552 9168 1250 1007 -2758 END
START -1212 -3724 8984 2213 272 -2607 END
START -1308 -4004 9072 3372 -109 -2646 END
START -856 -3900 9184 4411 49 -2825 END
START -408 -3552 10084 5091 196 -2901 END
START 28 -3272 10740 5640 365 -2538 END
START 144 -2636 11448 5968 457 -1946 END
START 300 -2660 12616 6105 241 -1313 END
START 712 -2108 12540 6433 -386 -665 END
START 1040 -1988 11960 7119 -805 247 END
START 512 -2608 11720 8075 -722 1205 END
START 72 -3968 12172 8783 -2 1767 END
START -1000 -4704 13108 8996 1043 1879 END
START -2468 -5152 13636 8927 1933 1745 END
START -3520 -5808 14668 8882 2478 1670 END
START -4268 -6440 15980 8732 2346 1482 END
START -4480 -6848 16484 8581 1675 947 END
START -4516 -7560 17644 8497 1095 147 END
START -4116 -8000 18232 8374 667 -859 END
START -3524 -7692 19440 8069 721 -1798 END
START -3192 -7096 20528 7307 1044 -2350 END
START -2968 -6780 21692 6214 1677 -2876 END
START -2392 -5884 23108 4930 1997 -3258 END
START -1844 -5100 23636 3588 1967 -3259 END
START -1580 -4680 23976 2305 1352 -3056 END
START -1064 -4220 23296 1349 653 -2784 END
START -1116 -3872 22376 599 -6 -2458 END
START -876 -4056 21704 -15 -373 -2142 END
START -880 -4040 21528 -695 -815 -2109 END
START -924 -3864 20380 -1329 -1570 -2102 END
START -972 -4008 19564 -1926 -2131 -2064 END
START -1448 -4100 19100 -2747 -2768 -2259 END
START -1064 -3960 17976 -3442 -3150 -2703 END
START -260 -3744 17020 -3984 -3121 -2790 END
START 308 -3552 16440 -3983 -2702 -2600 END
START 1064 -3268 16536 -3578 -2232 -2143 END