START 3444 -6940 18680 2266 -1713 -2949 END
START 1544 -4008 8932 1141 -1852 -3063 END
START 5864 -7728 14128 1233 -3755 -3143 END
START 5656 -6764 16264 774 -2598 -2725 END
START 4220 -6044 18604 138 -1161 -2736 END
START 3940 -6520 20604 -1805 -740 -3266 END
START 4524 -6528 20396 -4151 -1698 -3967 END
START 5792 -4812 18236 -5705 -2325 -4334 END
START 7504 -3448 16868 -5927 -2891 -3587 END
START 9212 -3092 17300 -5719 -3011 -2048 END
START 10452 -2980 16344 -5619 -4185 -117 END
START 10972 -2956 14484 -5405 -5205 1871 END
START 11544 -2404 13312 -5153 -3533 3819 END
START 11500 -2740 12888 -5033 -2503 5637 END
START 11548 -2688 12048 -4956 -1695 7147 END
START 11288 -2704 11748 -4941 -390 8691 END
START 10664 -2628 11568 -5065 1057 10116 END
START 10072 -2540 12028 -5489 2564 11473 END
START 9508 -2056 12084 -5961 2920 12761 END
START 9096 -1736 11024 -5815 2468 13983 END
START 8596 -1432 9280 -4801 1980 15116 END
START 8344 -1436 7676 -3512 1982 16049 END
START 7884 -1312 6948 -2597 2171 16682 END
START 7184 -492 6032 -1790 2879 17575 END
START 5520 -128 6164 -845 3655 18853 END
START 3316 -100 6508 224 3875 20033 END
START 1132 -656 6868 1436 3946 20690 END
START -1608 -1196 7804 2518 3771 20524 END
START -3788 -1408 8216 3262 3050 19405 END
START -5120 -1888 7992 3756 2765 18056 END
START -5672 -2032 8124 4140 2938 16952 END
START -6396 -2292 7760 4898 3165 16126 END
START -7640 -2296 8356 5999 3270 15502 END
START -8376 -2820 8908 7023 2877 14893 END
START -9200 -3044 9504 7574 2640 14204 END
START -10452 -3628 10056 7575 2350 13024 END
START -10768 -4412 9452 7747 2174 11361 END
START -11056 -4812 9852 8234 2981 9637 END
START -11436 -5012 9984 8662 3907 8008 END
START -11632 -4992 10420 8773 5898 6433 END
START -11584 -4776 12228 7988 8164 4529 END
START -10588 -4544 14784 6859 9088 2793 END
START -10372 -4252 15868 6861 7597 1805 END
START -10500 -4936 15568 8310 4932 1360 END
START -10940 -5836 15848 10249 3340 806 END
START -11528 -6100 16928 11363 2373 -88 END
START -12240 -6848 18168 11392 2128 -1263 END
START -12812 -7884 18932 10937 1968 -2985 END
START -12940 -8764 20252 10349 1881 -4991 END
START -12900 -9216 21464 9791 2123 -7285 END
START -12060 -8980 22848 9152 2218 -9178 END
START -11484 -8804 24316 8264 1284 -10803 END
START -10400 -8860 25084 7361 101 -12532 END
START -9016 -8520 25812 6520 -1079 -14171 END
START -7024 -7352 25368 5621 -2118 -15610 END
START -4744 -6336 26116 4430 -2599 -16606 END
START -2332 -5112 27048 2603 -3402 -17212 END
START 40 -3512 26176 798 -4610 -17313 END
START 2516 -2152 24932 -428 -5967 -16949 END
START 5844 -888 22840 -1412 -7163 -15791 END
START 8700 4 20048 -2082 -7083 -13671 END
START 10384 920 18068 -2486 -6072 -11263 END
START 11720 1552 16104 -2976 -4869 -8439 END
START 12488 1668 15208 -3334 -3768 -5339 END
START 11548 1288 14416 -3334 -2005 -2324 END
START 9932 432 13632 -3037 -1633 177 END
START 7716 -636 12712 -2684 -1096 1605 END
START 5928 -1392 11944 -2428 -335 2199 END
START 4832 -2096 12704 -2402 337 2435 END
START 3816 -2128 12424 -2153 924 2907 END
START 2440 -2252 12552 -1608 1086 3486 END
START 760 -2980 13524 -1228 777 3771 END
START -480 -3520 13856 -1044 96 3754 END
START -1604 -3992 13912 -889 -600 3363 END
START -2480 -4136 14000 -541 -1393 2551 END
START -2544 -4496 14828 -389 -1980 1672 END
START -2776 -4740 15532 -686 -2362 713 END
START -2488 -4544 15436 -1261 -2792 -102 END
START -1992 -3888 15232 -1823 -2296 -457 END
START -1148 -3648 14812 -2071 -1837 -319 END
START -492 -3192 14204 -1499 -1267 185 END