START -3720 -4852 11836 725 -579 926 END
START -4968 -6524 26576 -218 -557 517 END
START -3528 -4996 9732 1046 -1690 314 END
START -3624 -4768 9140 1566 828 -492 END
START -3420 -3692 9936 1854 804 -1191 END
START -2200 -3288 9304 2454 720 -1137 END
START -2168 -2952 9188 3458 1035 -967 END
START -2196 -2432 9732 4250 1249 -981 END
START -2044 -2092 10296 4745 1416 -1057 END
START -1804 -1868 11504 5148 1215 -1093 END
START -1796 -2052 12696 5486 267 -1228 END
START -1056 -1980 12376 5972 -637 -1252 END
START -872 -1412 12276 6719 -922 -990 END
START -520 -1692 12720 7447 -912 -511 END
START -380 -2184 13532 7856 -687 93 END
START -768 -2988 14520 7830 -529 607 END
START -956 -3832 14744 7704 -92 903 END
START -1224 -4856 15316 7569 465 956 END
START -1560 -5584 16464 7391 1479 915 END
START -1892 -6380 18284 6857 2304 744 END
START -1920 -6736 20044 5977 2219 508 END
START -2156 -6652 20620 5241 1748 423 END
START -2500 -6648 20848 4999 1518 586 END
START -2932 -7440 22476 4795 1374 580 END
START -3532 -7876 23992 4109 990 280 END
START -3712 -7996 24400 3174 165 -182 END
START -3636 -7872 23556 2005 181 -597 END
START -3552 -7828 23788 772 1231 -1011 END
START -3164 -7412 24220 -763 1644 -1439 END
START -3220 -7136 23868 -2036 1207 -1719 END
START -3068 -7116 22792 -2682 593 -1846 END
START -3300 -6432 22020 -3231 -73 -2208 END
START -3088 -6116 20880 -3728 -666 -2539 END
START -2788 -5908 19848 -4233 -794 -2771 END
START -2768 -5476 19036 -4975 -724 -3105 END
START -2660 -5008 17808 -5756 -344 -3354 END
START -2328 -4712 16608 -6258 149 -3546 END
START -1764 -4360 15984 -6422 326 -3695 END
START -1852 -4176 15648 -6384 -123 -3784 END
START -1488 -3904 14620 -6042 -774 -3969 END
START -1000 -3364 13756 -5553 -1196 -4085 END
START -620 -2700 13016 -5160 -1166 -3823 END
START -56 -2092 12188 -4904 -1081 -3295 END
START 128 -2036 11824 -4589 -776 -2606 END
START 104 -2140 11452 -4332 -725 -1983 END
START -276 -2160 10712 -3813 -662 -1661 END
START 24 -2100 9932 -3145 -617 -1487 END
START 348 -1892 9700 -2448 -355 -1315 END
START 724 -1432 9028 -1686 -387 -953 END
START 1128 -1232 7764 -670 -373 -511 END
START 1148 -1020 7640 332 147 -131 END
START 1156 -800 7644 1147 451 402 END
START 988 -964 7440 1918 745 963 END
START 608 -824 7364 2772 1113 1356 END
START 608 -900 7680 3647 1505 1778 END
START 128 -1204 8796 4402 1633 2099 END
START -396 -1576 9996 5119 1538 2305 END
START -1196 -2068 11380 5808 827 2310 END
START -1556 -2504 11572 6553 184 2223 END
START -1928 -2884 12928 7027 53 2140 END
START -2360 -3452 14384 7154 -114 1951 END
START -2888 -3960 14752 7205 -188 1690 END
START -3364 -4284 15732 7313 193 1316 END
START -3456 -5076 17232 7172 536 878 END
START -3656 -5648 18568 6707 675 457 END
START -3568 -5840 19888 6107 309 12 END
START -3340 -6080 20560 5558 -296 -219 END
START -3416 -6484 20484 5148 -455 -284 END
START -3468 -6896 21320 4763 -229 -371 END
START -3812 -7240 22132 3998 -153 -485 END
START -4192 -7380 22516 3200 -125 -592 END
START -4540 -7964 22696 2380 246 -735 END
START -4936 -8100 23360 1560 905 -1249 END
START -5164 -8192 24476 467 1482 -1821 END
START -5444 -8180 25500 -757 1223 -2338 END
START -5288 -7932 25116 -1882 407 -2880 END
START -5192 -7372 24544 -2776 175 -3398 END
START -4852 -6812 24012 -3830 341 -3823 END
START -4628 -6456 24080 -5026 349 -4204 END
START -4456 -6256 23156 -6123 -106 -4638 END
START -4196 -5692 21444 -6797 -258 -5135 END
START -3692 -5180 20680 -7387 -438 -5574 END
START -3140 -4516 19420 -8089 -553 -5993 END
START -2236 -3828 17584 -8515 -826 -6244 END
START -1484 -2724 16280 -8532 -1452 -6276 END
START -304 -2024 14140 -8164 -2014 -5913 END
START 540 -1384 12384 -7644 -2110 -5320 END
START 1536 -968 10828 -7272 -1523 -4461 END
START 1876 -1108 9880 -6883 -902 -3680 END
START 2236 -808 8744 -6108 -601 -3085 END
START 2416 -576 8404 -5081 -542 -2430 END
START 2860 -436 8292 -4105 -739 -1659 END
START 3268 -188 8064 -3129 -767 -772 END
START 3276 -380 8168 -2289 -425 245 END
START 3124 -440 8628 -1569 -206 1103 END
START 2968 -832 9180 -862 -197 1879 END
START 2604 -1248 9876 -336 -426 2479 END
START 2064 -1840 10172 155 -797 2805 END
START 1444 -2388 10652 777 -1008 2901 END
START 1440 -2832 11104 1539 -742 3013 END
START 1276 -3200 12232 2190 -209 3365 END