START -12 -8308 13756 187 -1637 383 END
START 160 -8672 17904 -738 -1785 279 END
START -56 -8180 12616 435 -3162 656 END
START 1444 -8700 9032 1976 -670 1367 END
START 376 -7156 9624 3276 1044 1710 END
START 136 -7012 12124 3346 1427 1959 END
START -340 -7088 12860 2812 487 2024 END
START -584 -7044 11816 2594 -693 1746 END
START -820 -7328 9612 3165 -773 1180 END
START -1092 -6824 8976 3894 346 170 END
START -420 -6296 8980 4306 1071 -664 END
START 248 -5228 9396 4352 1410 -1117 END
START 860 -3988 9560 4455 1685 -865 END
START 876 -3048 10352 4621 1224 -198 END
START 860 -2704 9656 4986 172 713 END
START 792 -3032 8888 5729 -275 1471 END
START 376 -3552 8520 6516 -428 1832 END
START 384 -4164 8668 7250 -431 1791 END
START 540 -4428 8844 7908 107 1728 END
START 124 -4424 9724 8375 611 1649 END
START -160 -4624 10684 8586 659 1515 END
START -548 -4696 11180 8760 561 1318 END
START -680 -3900 10816 9080 492 1047 END
START -236 -3660 11328 9489 860 995 END
START 480 -3624 12208 9625 1086 1299 END
START 832 -3604 12700 9721 1661 1765 END
START 692 -3904 14336 9630 2314 2421 END
START 160 -4164 14656 9521 2373 2719 END
START -668 -4596 15520 9707 2312 2621 END
START -960 -4964 16352 9997 1930 2309 END
START -1012 -5116 17480 10146 1652 2023 END
START -1172 -5072 18572 10107 1683 1820 END
START -804 -5248 20560 9684 1696 1627 END
START -540 -5444 22076 8937 1476 1703 END
START -308 -5500 22968 8126 1075 1888 END
START 20 -5752 23932 7238 828 2252 END
START -380 -6272 24540 6268 739 2667 END
START -1264 -6764 24816 5121 946 2951 END
START -2220 -7596 25436 4000 1019 2948 END
START -3380 -8348 26064 2684 874 2518 END
START -3940 -8804 25808 1561 344 1867 END
START -4668 -8884 25780 618 -318 1001 END
START -4288 -8964 24972 -231 -856 153 END
START -4096 -8832 25100 -1169 -708 -492 END
START -3652 -8236 24760 -2347 -790 -1076 END
START -2800 -7648 23804 -3195 -375 -1434 END
START -2064 -7040 24444 -4196 -268 -1511 END
START -1428 -6396 23600 -5273 -755 -1226 END
START -752 -6124 22460 -6076 -1038 -858 END
START -628 -5864 21288 -6705 -819 -478 END
START -712 -5408 20196 -7095 -184 -260 END
START -604 -5588 20068 -7627 493 -193 END
START -600 -5344 19720 -8221 1021 -183 END
START -340 -5168 19020 -8741 1203 -28 END
START -228 -5252 18392 -8990 1159 241 END
START -304 -5516 18016 -8959 806 395 END
START -488 -5660 17548 -8814 218 473 END
START -592 -5536 17260 -8754 -132 491 END
START -880 -5220 16648 -8900 -404 600 END
START -1152 -5244 15220 -8965 -270 624 END
START -1180 -5356 14644 -8926 575 512 END
START -1308 -5516 14848 -9135 1130 373 END
START -1912 -5348 14644 -9447 1124 77 END
START -2204 -5572 14040 -9469 746 -208 END
START -2464 -5700 12720 -9153 448 -593 END
START -2468 -5640 11684 -8589 221 -1085 END
START -2292 -5392 11044 -7825 44 -1529 END
START -1924 -4988 10484 -7186 -238 -1675 END
START -1608 -4616 10372 -6549 -615 -1705 END
START -1232 -4476 9984 -5971 -1004 -1581 END
START -1016 -4324 9500 -5380 -860 -1316 END
START -988 -4628 9636 -4936 -439 -1161 END
START -996 -4664 9500 -4449 -314 -1220 END
START -676 -4620 9008 -3826 57 -1192 END
START -680 -4460 9696 -3283 791 -1081 END
START -800 -4548 10656 -2988 1112 -682 END
START -1992 -4828 11152 -2808 1130 -389 END
START -2984 -5328 10760 -2492 702 -377 END
START -4296 -5876 10368 -1853 822 -684 END
START -5480 -6600 11004 -1354 1010 -1329 END
START -6612 -7088 11684 -1121 442 -2384 END
START -7124 -7536 11728 -881 -660 -3557 END
START -7388 -7876 11064 -390 -1297 -4705 END
START -7248 -7788 11280 264 -1381 -5912 END
START -6732 -7804 12252 509 -1424 -6715 END
START -6192 -7848 12972 233 -1668 -6959 END
START -6036 -8084 12320 -54 -1849 -7091 END
START -6016 -8864 11744 -7 -1579 -7519 END
START -6108 -9196 11984 224 -1089 -8541 END
START -5456 -9120 11976 520 -1044 -9602 END
START -4640 -8808 11568 947 -646 -10384 END
START -3540 -8456 11940 1172 -55 -10950 END
START -2392 -8400 12652 1000 478 -11486 END
START -1176 -7820 12580 940 597 -12032 END
START 388 -7508 13516 1102 19 -12506 END
START 2152 -6768 12048 1585 -527 -12643 END
START 3808 -5968 11748 2331 562 -12159 END
START 5060 -5576 13316 2262 2009 -11377 END
START 6240 -5020 14308 1814 1688 -10569 END
START 7832 -4464 14248 1922 605 -9788 END
START 9204 -3768 14292 2445 -690 -8391 END
START 10236 -3648 14572 2644 -305 -6455 END
START 10084 -3612 14736 2361 783 -4490 END
START 10008 -3968 14952 1680 1817 -2820 END
START 9408 -4560 15624 959 2647 -1156 END
START 8368 -4876 15852 432 2810 231 END
START 7044 -5824 16300 232 2582 1362 END
START 5636 -7016 16844 147 1917 2050 END
START 4020 -7952 16344 72 1173 2153 END
START 2980 -8388 16104 13 402 1720 END
START 2468 -8596 15464 137 -56 1284 END
START 2364 -8356 15632 162 -425 933 END
START 2372 -8020 15300 64 -944 794 END
START 2688 -7964 14320 31 -1009 943 END
START 2704 -7912 14228 -115 -652 1064 END
START 2356 -7780 14208 -369 -478 1187 END
START 2108 -7756 13816 -362 -442 1264 END
START 1800 -7968 13992 -51 -226 1431 END
START 1316 -7912 14172 161 -278 1485 END
START 740 -8108 14412 154 -348 1398 END
START 164 -8388 14600 63 -372 905 END
START -140 -8660 14540 -6 -560 63 END
START 356 -8316 14688 -110 -656 -787 END
START 1384 -7520 14920 -312 -616 -1239 END
START 2004 -6212 14840 -647 -614 -935 END
START 2824 -5608 15060 -722 -922 66 END
START 3588 -5544 15128 -651 -1397 1489 END
START 3172 -5624 15072 -367 -1625 3093 END