START 136 -3932 13628 4371 3001 1411 END
START -476 -3288 19656 3455 2721 1322 END
START -412 -2696 13528 3870 1301 1872 END
START -800 -3700 12952 3473 2058 2131 END
START -1884 -4036 12400 3638 1269 2192 END
START -2944 -3760 12904 4000 -110 1557 END
START -2856 -3788 12676 4701 -2464 667 END
START -1916 -3468 11484 5724 -4287 -224 END
START -116 -2788 9964 6717 -4911 -518 END
START 864 -2264 9652 7088 -3773 -17 END
START 812 -2096 10572 6683 -2339 769 END
START 60 -2368 10924 6122 -1544 1433 END
START -856 -2724 10808 6145 -1234 1668 END
START -1252 -2584 10876 6798 -920 1593 END
START -488 -2836 11552 7535 -524 1557 END
START -288 -2776 12580 7863 -156 1558 END
START 28 -3052 12936 7963 -283 1742 END
START 76 -3232 13044 8247 42 2049 END
START -424 -3180 13892 8510 626 2190 END
START -1016 -3016 15212 8764 1141 2300 END
START -1272 -3108 17024 9056 894 2482 END
START -1204 -3356 18076 9279 381 2544 END
START -584 -3676 18584 9155 274 2473 END
START -476 -3860 19024 8621 668 2261 END
START -104 -3412 18552 7886 1136 2067 END
START -180 -3148 19180 7390 2015 2390 END
START -708 -3332 20704 6909 2063 3059 END
START -1360 -4548 21120 6723 1807 3551 END
START -2384 -4908 22120 6632 1128 3174 END
START -1948 -5136 21952 6235 471 2615 END
START -1384 -4620 22060 5555 1181 2339 END
START -1864 -4528 23628 4477 2154 2322 END
START -2260 -4768 25396 3259 2481 2317 END
START -3044 -5268 25980 2242 1623 2303 END
START -3164 -5468 25500 1750 383 2243 END
START -2868 -5708 24788 1365 82 2084 END
START -2488 -5652 24768 540 670 1857 END
START -2380 -5336 24888 -658 1383 1722 END
START -2752 -4868 25444 -2029 1477 1602 END
START -3076 -4832 25372 -3234 587 1372 END
START -2864 -4768 24124 -3915 -180 1154 END
START -2556 -4424 23344 -4236 -505 914 END
START -2088 -4420 22644 -4634 -796 733 END
START -1620 -3984 21660 -5090 -901 686 END
START -1244 -3512 20600 -5525 -729 821 END
START -1228 -3296 20212 -6080 -328 1070 END
START -1176 -3428 19496 -6537 14 1445 END
START -1404 -3320 18532 -6896 459 1785 END
START -1804 -3688 18260 -7182 701 1766 END
START -1548 -3484 17668 -7428 878 1545 END
START -1492 -3460 16828 -7502 1134 1466 END
START -2040 -3268 16772 -7498 1322 1293 END
START -1796 -3108 16392 -7625 1295 1240 END
START -1968 -3032 15992 -7616 1192 1284 END
START -2376 -3092 15452 -7634 945 1288 END
START -2872 -3240 14784 -7621 629 1170 END
START -3620 -3564 14588 -7477 369 986 END
START -4384 -4080 14296 -7325 108 523 END
START -4928 -4328 13764 -7166 -322 -222 END
START -5244 -4404 13500 -6887 -452 -1163 END
START -5116 -4000 13568 -6855 -514 -2075 END
START -4676 -3480 13644 -6884 -374 -2743 END
START -4756 -3244 13684 -6864 -797 -3043 END
START -4528 -3116 13732 -6609 -1127 -3250 END
START -4676 -3148 13640 -6422 -1532 -3342 END
START -4876 -3384 13136 -6140 -1806 -3483 END
START -5272 -3716 13524 -5857 -1926 -3935 END
START -5316 -3996 13232 -5650 -2210 -4608 END
START -5228 -3600 13052 -5459 -2208 -5350 END
START -4468 -3008 13184 -5387 -2409 -5604 END
START -4324 -2788 12780 -5229 -3023 -5363 END
START -4540 -3436 11696 -4768 -3472 -5208 END
START -4788 -4088 11092 -4219 -3664 -5789 END
START -4440 -4016 10124 -3749 -3630 -6757 END
START -3880 -3376 9848 -3169 -3117 -7327 END
START -3596 -3356 10960 -2830 -2952 -7384 END
START -3456 -3564 10724 -2627 -3608 -7514 END
START -3256 -3456 9652 -2095 -4213 -7825 END
START -2552 -3580 8872 -1381 -4581 -8216 END
START -1596 -3364 7812 -592 -4072 -8538 END
START -684 -3392 7516 45 -3557 -8668 END
START -512 -3404 7976 765 -3085 -8598 END
START -360 -3924 7896 1510 -3360 -8687 END
START 504 -4056 7400 2489 -3589 -9050 END
START 1624 -3920 7188 3492 -3520 -9348 END
START 2936 -3644 7624 4191 -2687 -9345 END
START 3944 -3100 8676 4565 -1858 -9061 END
START 5244 -3020 8948 4999 -1241 -8337 END
START 6268 -3440 9940 5458 -550 -7424 END
START 6696 -3516 11520 5815 -189 -6662 END
START 7524 -3436 11928 6174 81 -5809 END
START 7900 -3500 13160 6358 798 -4801 END
START 7744 -4076 15164 6173 911 -3962 END
START 8140 -4612 15380 6063 567 -3526 END
START 8712 -4660 15892 6366 598 -3158 END
START 8768 -4564 17476 6661 169 -2606 END
START 9444 -4588 18000 6628 -470 -1765 END
START 9652 -4476 17548 6433 -967 -939 END
START 10052 -4492 17388 6173 -1266 -275 END
START 10580 -3532 16648 5815 -1852 223 END
START 12160 -3096 15852 5617 -2158 1413 END
START 12572 -2808 16168 5507 -400 3688 END
START 10008 -3052 18916 5197 790 5956 END
START 7716 -3952 20052 4873 171 7385 END
START 6020 -5156 20156 4654 -1186 7795 END
START 4912 -5644 19428 4345 -1628 7286 END
START 4524 -5492 19264 3881 -1251 6609 END
START 4404 -5008 19696 3332 -699 6532 END
START 3588 -4716 20612 2818 -422 6937 END
START 2180 -4988 21236 2354 -1150 7394 END
START 732 -5000 20696 1903 -1918 7430 END
START -352 -5024 20396 1306 -2432 7015 END
START -840 -4612 19236 792 -2597 6453 END
START -1688 -4568 19240 423 -2183 6192 END
START -2936 -4692 19816 46 -1825 5786 END
START -4072 -5200 20132 -404 -2213 4960 END
START -4720 -5240 18968 -681 -3099 3793 END
START -4208 -4932 16784 -709 -3136 2565 END
START -3576 -4364 16228 -591 -2403 1612 END
START -3360 -3648 16476 -748 -1892 973 END
START -2376 -2944 16140 -978 -1964 698 END
START -1576 -2592 15840 -1132 -1682 785 END
START -928 -2192 15932 -1377 -1376 980 END
START -492 -1964 16152 -1770 -1095 1223 END
START -736 -2084 16828 -2490 -1307 1454 END
START -964 -2884 16428 -3276 -1979 1128 END
START -932 -3652 15856 -3629 -2205 387 END
START -560 -4424 14524 -3148 -1856 -550 END
START 468 -4368 14192 -2085 -961 -1448 END