START -4672 -3644 20244 2479 -3093 -2349 END
START -4444 -4420 27728 1750 -2501 -2592 END
START -4800 -5292 14836 2431 -4212 -2497 END
START -7228 -6332 15896 3167 -3994 -3889 END
START -8340 -8044 17576 3557 -2496 -6706 END
START -7788 -8492 19472 2701 -1518 -10103 END
START -6012 -5972 19892 1305 -1435 -12692 END
START -3236 -2672 20596 390 -2218 -13103 END
START -488 -1392 19604 288 -2768 -11418 END
START 164 -1780 20520 116 -2715 -9207 END
START -1004 -3136 19900 -318 -3179 -8214 END
START -2072 -4968 18220 -445 -2326 -8732 END
START -2348 -5516 18824 -981 -596 -10415 END
START -1904 -5036 19588 -2260 572 -12147 END
START -360 -4004 18996 -3350 1207 -13007 END
START 632 -2788 19128 -4261 1566 -12962 END
START 1352 -2568 19484 -5157 1242 -12396 END
START 1960 -2428 19060 -5564 352 -11779 END
START 2004 -2456 18248 -5414 -730 -11364 END
START 2500 -2364 17316 -5130 -1557 -11385 END
START 3240 -2584 17020 -5204 -663 -11534 END
START 4272 -2008 17316 -6052 659 -11654 END
START 5400 -1020 17548 -7060 1767 -11345 END
START 6512 136 17944 -7886 2383 -10198 END
START 7576 932 17900 -8345 2074 -8480 END
START 7896 992 18068 -8674 1094 -6700 END
START 8336 852 17216 -8742 -156 -5036 END
START 8472 808 15956 -8539 -1131 -3616 END
START 8968 840 14992 -8314 -912 -2197 END
START 8916 1152 14572 -8373 261 -930 END
START 8964 1436 14328 -8665 1227 356 END
START 9396 2132 13300 -9175 2299 1889 END
START 9712 2624 12312 -9778 3546 3917 END
START 9992 2564 11720 -10044 4689 6040 END
START 9524 2620 11956 -9646 4241 8402 END
START 8392 2396 11884 -8583 2601 10892 END
START 6672 1252 11432 -7311 320 13085 END
START 3956 820 9092 -5971 -1278 14470 END
START 1192 68 4176 -3883 -560 15312 END
START -684 -1668 4440 -1838 2601 15312 END
START -1868 -3596 8316 -1196 5545 14699 END
START -3748 -3560 11100 -1949 6253 13892 END
START -4936 -3964 11016 -2294 4427 12965 END
START -5348 -4156 10392 -1661 3215 11874 END
START -5816 -3992 9356 -182 2325 11121 END
START -5836 -4388 9904 1487 1856 10875 END
START -6540 -4848 11472 2524 918 10615 END
START -7380 -4928 12092 2909 -256 10349 END
START -8552 -5504 11592 3140 -953 9786 END
START -9392 -6468 11448 3428 -838 8543 END
START -9528 -7332 11800 3520 -286 6774 END
START -9476 -7624 12308 3324 139 5011 END
START -9504 -7220 11448 3316 391 3483 END
START -9228 -7252 10708 3880 1257 2206 END
START -8920 -6996 11424 4601 2061 1057 END
START -8348 -6880 12812 5014 2644 54 END
START -7984 -6680 14376 5081 2303 -928 END
START -7660 -6512 14628 5304 1448 -2084 END
START -6624 -5892 15168 5735 1078 -3275 END
START -5664 -4952 15960 6104 482 -4216 END
START -4516 -4308 15932 6430 156 -4668 END
START -3840 -4052 16656 6417 635 -4601 END
START -3640 -3828 16868 5809 1264 -4628 END
START -3572 -4308 16604 4990 2349 -4824 END
START -3680 -4496 16676 4546 2995 -5199 END
START -3704 -4984 17188 4548 2667 -5825 END
START -3392 -5688 17292 4854 1715 -6728 END
START -3060 -5676 16784 5213 1311 -7722 END
START -2772 -4772 16132 5242 1348 -8589 END
START -1264 -4016 16556 4880 1774 -9182 END
START -144 -3364 16892 4220 2302 -9125 END
START 752 -2772 17008 3792 2356 -8838 END
START 1524 -1892 17288 3851 1354 -8618 END
START 3004 -832 15676 4566 26 -7831 END
START 4588 -472 15064 5383 -470 -6637 END
START 5856 -452 15320 5711 27 -5031 END
START 6292 -308 14984 5627 815 -3276 END
START 6128 -344 14668 5610 1679 -1390 END
START 5408 -1112 16020 5813 2417 412 END
START 4520 -1576 16772 5897 2368 1653 END
START 3880 -1348 17516 5961 1994 2639 END
START 3404 -824 17824 5771 1492 3676 END
START 3128 -1352 18564 5308 883 4748 END
START 2784 -1616 17936 5002 792 5785 END
START 1880 -2488 18084 4524 1330 6656 END
START 836 -2740 18700 3754 1907 7134 END
START 48 -2836 19316 3014 1925 7532 END
START -948 -3384 20340 2355 1700 7739 END
START -1992 -3972 21132 1676 827 7407 END
START -2504 -4284 21692 839 124 6667 END
START -2376 -4056 22328 -212 -431 5995 END
START -2308 -2832 21756 -1179 -1170 5829 END
START -2072 -2108 21448 -1623 -1571 6414 END
START -2936 -1748 21092 -2065 -2147 7192 END
START -3960 -2284 20948 -2576 -2541 7401 END
START -4524 -2868 19988 -3225 -2829 6937 END
START -5124 -2796 18364 -3475 -2349 6007 END
START -5776 -2940 18188 -3702 -1728 5112 END
START -6220 -2964 18668 -4022 -1639 4174 END
START -6952 -3064 18968 -4446 -2106 3192 END
START -7424 -2600 18592 -4871 -3710 2196 END
START -6672 -2116 16352 -5084 -4695 1595 END
START -6312 -1408 13196 -4745 -4436 1351 END
START -6012 -1844 11848 -4026 -2342 1083 END
START -5944 -2616 13688 -4001 -716 432 END
START -5920 -2488 13716 -4332 -549 -510 END
START -5288 -2056 12224 -4075 -883 -1212 END
START -4372 -1528 12016 -3254 -788 -1487 END
START -3312 -1356 12124 -2491 -391 -1367 END
START -2848 -604 11848 -1677 -456 -1023 END
START -2308 -512 12648 -935 -355 -473 END
START -2052 -540 13144 -620 -301 -48 END
START -1684 -900 13252 -508 -106 177 END
START -1552 -1240 13568 -432 205 306 END
START -1456 -1492 14120 -416 529 342 END
START -1668 -1708 14676 -540 582 164 END
START -1840 -1960 15208 -624 411 -64 END
START -2056 -2032 15568 -689 48 -295 END
START -2284 -2276 15892 -692 -640 -550 END
START -1876 -2404 16180 -658 -1153 -763 END
START -1380 -2652 16552 -855 -1544 -812 END
START -1148 -2432 16156 -977 -1783 -592 END
START -972 -2452 16124 -847 -1558 -171 END