START -6920 -6340 20308 -1444 -727 -1564 END
START -7044 -6112 24812 -2331 -84 -2006 END
START -5284 -7304 16256 -1808 -1003 -2210 END
START -6948 -6568 19980 -2150 -787 -3170 END
START -7264 -6148 22172 -3422 -1785 -4401 END
START -6220 -5724 22900 -5874 -3540 -4941 END
START -5952 -5512 23136 -8953 -5857 -5225 END
START -6500 -5800 19644 -11318 -8294 -5681 END
START -7444 -5720 11472 -11165 -8704 -6720 END
START -7720 -7096 7492 -8931 -6085 -8689 END
START -7604 -7980 6380 -6385 -2410 -11281 END
START -6780 -6928 8864 -4941 217 -14192 END
START -4700 -4944 10624 -4721 -6 -15705 END
START -2284 -2708 9544 -4102 -1459 -15434 END
START -220 -1316 7752 -2439 -2709 -14091 END
START 852 -688 6504 -493 -2737 -12497 END
START 1512 -320 5668 1549 -2610 -11309 END
START 2616 -324 6000 3511 -2630 -10298 END
START 3720 796 4588 5351 -2689 -8986 END
START 4696 1352 3552 7467 -1559 -7236 END
START 5740 396 3956 9548 1149 -5240 END
START 5132 284 6532 11019 4472 -3704 END
START 5424 192 9376 11818 5433 -2294 END
START 5352 516 11188 12019 5410 -379 END
START 4516 80 12320 12275 4734 1338 END
START 4108 -764 13080 12758 4334 2624 END
START 3984 -1740 15080 13320 4397 3672 END
START 3796 -2064 17068 13253 3977 4440 END
START 3004 -2356 18000 13130 4010 5438 END
START 1560 -4168 20732 12077 5258 5915 END
START -372 -5728 23780 10129 5536 5284 END
START -940 -5940 24744 8050 4347 4268 END
START -584 -5860 24772 6519 3232 3686 END
START -112 -5520 24920 5496 2654 3587 END
START -676 -5480 25948 4530 2377 3750 END
START -1460 -6100 26868 2986 1692 3709 END
START -2612 -6784 26320 1178 397 3039 END
START -2880 -6860 25052 -53 -521 1929 END
START -2524 -6456 24152 -835 -857 1005 END
START -2624 -5492 23608 -1757 -942 477 END
START -2612 -5016 23112 -2954 -1379 194 END
START -2624 -5084 22384 -3968 -1553 -128 END
START -2576 -5068 21992 -4901 -1752 -604 END
START -2848 -5156 21724 -5636 -2178 -1168 END
START -2964 -5216 21640 -6423 -2722 -1922 END
START -3132 -4812 20532 -7113 -3359 -2858 END
START -2760 -4216 19696 -7587 -3590 -3583 END
START -2472 -3636 19404 -8199 -3696 -3935 END
START -2092 -3444 18820 -9041 -3822 -4066 END
START -2368 -3236 17892 -9902 -3976 -4220 END
START -2188 -3428 16412 -10575 -4022 -4481 END
START -2412 -3784 15760 -11073 -3814 -5035 END
START -2744 -3968 15580 -11518 -4475 -5924 END
START -2488 -3900 14784 -11970 -5572 -6786 END
START -2732 -3908 12888 -12350 -6584 -7782 END
START -2652 -3788 9056 -11813 -6736 -8959 END
START -2020 -3468 5356 -10017 -5422 -9936 END
START -1084 -2892 3968 -7259 -2508 -10562 END
START -212 -2768 5648 -4982 -703 -10869 END
START 612 -2552 7160 -3674 -319 -10836 END
START 1236 -1888 7436 -2786 -809 -10599 END
START 1908 -1096 5580 -1377 -1151 -9900 END
START 2944 -612 4748 567 -733 -8958 END
START 3736 -592 5620 2195 442 -8015 END
START 4164 -668 6440 3583 708 -7166 END
START 4472 -628 6088 5111 868 -6308 END
START 4740 92 5768 6946 1538 -5397 END
START 5008 312 6620 8673 2199 -4415 END
START 5748 -56 9312 10002 2846 -3368 END
START 6524 -144 11732 10556 2719 -2177 END
START 6668 -172 13508 10571 1915 -663 END
START 7156 -640 13768 10669 1432 932 END
START 6804 -860 13884 10905 1995 2485 END
START 5900 -2224 15092 11144 2980 3673 END
START 4384 -3344 17156 11011 3897 4150 END
START 3320 -4376 19720 10342 4196 3952 END
START 2844 -4964 21596 9179 3370 3650 END
START 2572 -5268 21240 8071 2538 3488 END
START 2488 -5280 20864 7360 2643 3406 END
START 1884 -5832 21540 6644 2846 3422 END
START 1112 -6360 23032 5851 2908 3084 END
START 208 -6244 24048 4829 1614 2509 END
START -28 -6092 23172 3983 204 2045 END
START -52 -5936 22416 3325 -164 1609 END
START 148 -5724 22072 2697 -70 1156 END
START 0 -5508 22460 1990 -20 787 END
START 280 -5064 22696 1269 -708 553 END
START 560 -4276 22964 534 -2173 549 END
START 1372 -3736 22288 3 -3996 900 END
START 1816 -3692 21464 -183 -5122 1472 END
START 1668 -4104 21056 -233 -5407 2053 END
START 336 -4984 21580 -906 -5040 1814 END
START -524 -5680 21528 -2275 -5050 571 END