START -7272 -4780 12820 -189 -1328 1695 END
START -7224 -3252 8460 -925 -3540 1390 END
START -3376 -6060 4772 528 -2085 1594 END
START -5004 -5440 6476 1976 1037 1315 END
START -5224 -5112 8052 3623 2720 302 END
START -5520 -4708 10164 4263 2963 -787 END
START -5100 -3880 10356 4360 1753 -1592 END
START -4728 -3288 9968 4571 960 -2100 END
START -4068 -2248 10264 4885 449 -2480 END
START -3196 -1668 10664 5147 -356 -2445 END
START -2156 -1560 10048 5565 -978 -1970 END
START -1820 -1540 9248 6143 -881 -1277 END
START -1320 -2392 9172 6928 159 -708 END
START -1724 -2840 10412 7469 977 -497 END
START -1848 -3224 10768 7950 1058 -669 END
START -2088 -2980 11360 8506 1332 -902 END
START -2472 -2804 13232 8778 1540 -929 END
START -2512 -2944 14780 8625 1167 -793 END
START -2060 -3808 15164 8553 458 -726 END
START -1536 -4472 14856 8704 80 -953 END
START -988 -4272 15004 9051 782 -1066 END
START -972 -4020 16432 9195 1511 -840 END
START -844 -4380 18228 9080 1675 -603 END
START -896 -5432 19880 8655 1351 -488 END
START -1012 -5748 20624 8132 633 -657 END
START -1168 -6072 21084 7650 287 -973 END
START -1068 -5908 22488 7097 53 -1219 END
START -988 -5840 23136 6292 -248 -1008 END
START -1076 -6092 23076 5752 181 -543 END
START -1380 -6212 24268 5051 975 -363 END
START -1752 -6640 25924 3861 1320 -233 END
START -2464 -7276 26680 2536 1021 -169 END
START -3560 -7812 26616 1469 -4 -387 END
START -4408 -8008 26020 615 -342 -761 END
START -5112 -8256 26256 -420 41 -1389 END
START -5348 -8108 26316 -1682 114 -2297 END
START -5388 -7288 25880 -3100 -362 -3126 END
START -4816 -6444 24428 -4117 -1221 -3697 END
START -4400 -5972 22748 -4786 -1452 -4085 END
START -3520 -5204 21056 -5324 -1347 -4652 END
START -2752 -4600 20052 -5780 -1148 -5013 END
START -2340 -3788 19196 -6245 -1129 -5145 END
START -1704 -2992 17616 -6582 -1410 -5196 END
START -1208 -2648 15724 -6605 -1180 -4892 END
START -872 -2224 14608 -6646 -788 -4550 END
START -600 -2080 13772 -6794 -762 -4278 END
START -336 -1760 11804 -6535 -973 -3888 END
START -40 -1472 10476 -5704 -990 -3494 END
START 300 -1244 9668 -4560 -712 -3100 END
START 832 -780 9164 -3615 -357 -2760 END
START 896 -468 8972 -2911 -241 -2283 END
START 1004 -212 8140 -2285 -58 -1746 END
START 1016 -48 8432 -1771 362 -1246 END
START 504 -172 8552 -1356 580 -871 END
START 652 -224 8124 -923 556 -629 END
START 708 -240 7776 -331 774 -469 END
START 564 -320 7648 346 791 -280 END
START 464 -372 7332 1093 796 -35 END
START 416 -440 7212 2001 1053 214 END
START -152 -1024 7840 2914 1213 317 END
START -980 -1352 8676 3792 1151 192 END
START -1352 -1844 9744 4504 1139 24 END
START -1704 -1792 11076 4800 723 -129 END
START -1908 -2032 11384 5078 -42 -352 END
START -2132 -2352 11540 5458 -104 -479 END
START -2192 -2412 12032 5794 60 -665 END
START -2152 -2792 13056 5934 141 -851 END
START -2204 -2704 13772 6081 -27 -1065 END
START -2344 -2900 14688 6347 -326 -1150 END
START -2456 -3492 15788 6713 -691 -1373 END
START -2328 -3592 16556 6979 -1172 -1914 END
START -1604 -3472 17144 7044 -1381 -2306 END
START -788 -3404 17740 6951 -1343 -2192 END
START -256 -3508 18360 6717 -990 -1744 END
START -656 -3668 19512 6419 -364 -1188 END
START -1408 -4428 20692 5907 239 -827 END
START -1732 -5220 21984 5263 597 -990 END
START -2096 -5360 23120 4517 882 -1489 END
START -1808 -5192 24128 3603 703 -1887 END
START -1416 -5084 24304 2819 222 -1929 END
START -1288 -5028 24476 2189 99 -1729 END
START -1184 -5324 25000 1491 194 -1605 END
START -1532 -5292 25396 567 155 -1543 END
START -1840 -5208 25500 -374 60 -1433 END
START -1864 -5376 25264 -1212 -15 -1385 END
START -1804 -5312 25456 -2273 203 -1376 END
START -1840 -5324 25480 -3520 -135 -1357 END
START -2236 -5380 24404 -4608 -373 -1342 END
START -2724 -5548 23636 -5298 -444 -1631 END
START -2612 -5444 23060 -5818 -341 -2116 END
START -2252 -4952 22544 -6476 -284 -2501 END
START -1596 -4584 21928 -7261 -491 -2567 END
START -1200 -3924 20416 -7840 -441 -2593 END
START -1108 -3420 19888 -8165 -156 -2357 END
START -1396 -3664 20172 -8632 -55 -2030 END
START -1844 -3704 19672 -9049 -472 -1993 END
START -2076 -3992 18600 -9370 -863 -2180 END
START -1800 -3880 17440 -9664 -872 -2371 END
START -1916 -3724 16508 -9794 -694 -2571 END
START -2248 -4052 15936 -9837 -1039 -2882 END
START -2112 -4304 15484 -9710 -1617 -3361 END
START -1836 -3916 14420 -9426 -2285 -3746 END
START -1608 -3380 12992 -8783 -2416 -3873 END
START -768 -3140 12064 -8341 -2136 -3886 END
START -12 -2648 11280 -8279 -1520 -3738 END
START 716 -2032 10100 -8144 -908 -3358 END
START 1428 -2088 9580 -7804 -574 -2705 END
START 1692 -2240 9148 -7205 -444 -2239 END
START 1792 -2244 8060 -6284 -631 -2076 END
START 1976 -1980 6812 -5136 -351 -1647 END
START 1616 -1744 6820 -4080 554 -1209 END
START 1864 -2244 7684 -3286 1086 -841 END
START 2352 -2540 8544 -2729 1472 -395 END
START 2232 -2736 9232 -2307 1500 109 END
START 2052 -3120 9924 -1868 1391 530 END
START 1620 -3368 10136 -1466 1421 980 END
START 872 -3692 10508 -1071 1551 1329 END
START 188 -4536 11476 -923 1454 1364 END
START -252 -4956 12272 -1009 1197 1018 END
START -260 -5184 12508 -1108 738 616 END
START -268 -5308 13272 -1032 327 438 END
START -204 -6008 13216 -683 -373 507 END
START -180 -6396 13316 -31 -793 580 END
START -244 -6568 13224 849 -999 705 END
START -112 -6680 13648 1779 -1055 840 END