START 100 -1996 12048 -780 -1711 6361 END
START -1160 -984 13600 -1629 -2022 6274 END
START 164 -3580 8180 -125 -2719 6490 END
START -1156 -3660 7944 1462 -1181 6192 END
START -1312 -3716 9048 3071 229 5109 END
START -1240 -3040 10384 3660 1378 4468 END
START -1260 -2200 11268 3785 1902 4252 END
START -776 -1300 12232 3830 1604 4431 END
START -356 -952 12768 4065 808 5471 END
START -816 -912 13388 4289 -97 6694 END
START -1688 -1520 13256 4387 -1059 7777 END
START -2888 -2956 12048 4682 -1629 8091 END
START -3908 -4240 10972 5385 -976 7626 END
START -5104 -5108 10944 6217 -22 6671 END
START -5924 -5492 11796 6852 993 5152 END
START -6088 -5652 12640 7246 1583 3666 END
START -5608 -5084 13868 7280 1920 2561 END
START -4920 -4272 14320 7189 1953 2092 END
START -4668 -3992 14800 7327 1912 2184 END
START -4668 -4168 15652 7638 1854 2273 END
START -5172 -4772 16504 7923 1820 2127 END
START -5624 -5664 17680 7857 1839 1695 END
START -6160 -6468 18452 7520 2147 724 END
START -6028 -6972 19356 7001 2399 -655 END
START -6068 -7120 20504 6331 3020 -1841 END
START -6208 -6840 21656 5634 3003 -3032 END
START -5380 -6532 21964 5096 2333 -3612 END
START -4716 -6596 22848 4402 2315 -3609 END
START -4912 -7060 23372 3426 2493 -3610 END
START -5076 -7668 23972 2208 2884 -4009 END
START -5584 -8488 25196 761 3284 -4841 END
START -5764 -8160 25188 -695 2691 -6014 END
START -5196 -7612 24512 -1769 1919 -7126 END
START -4332 -7024 24120 -2520 1224 -7949 END
START -3444 -6208 23888 -3244 426 -8674 END
START -2104 -5260 22900 -4107 -225 -8862 END
START -1152 -4372 22168 -5053 -478 -8628 END
START -520 -4144 21664 -6126 -497 -8381 END
START 256 -3612 20724 -7035 -675 -8190 END
START 748 -2532 19196 -7639 -1118 -7859 END
START 1580 -1888 17996 -7871 -1584 -7266 END
START 2204 -1316 16736 -7951 -1640 -6348 END
START 2252 -1332 15792 -7974 -1739 -5428 END
START 2420 -1220 14856 -8116 -1954 -4633 END
START 2380 -804 13072 -8210 -2428 -3876 END
START 2540 -624 10380 -7535 -2673 -3117 END
START 2892 -532 9348 -6525 -2035 -2285 END
START 3248 -180 8416 -5697 -1292 -1326 END
START 3384 64 7568 -5048 -987 -257 END
START 2964 -224 6816 -4197 -622 762 END
START 2588 -240 6488 -3284 -378 1508 END
START 2000 -272 6272 -2279 -302 2064 END
START 1408 -416 6596 -1218 -412 2514 END
START 572 -720 6124 -180 -483 2858 END
START -232 -1004 6080 789 -303 3018 END
START -564 -1152 6688 1689 35 2836 END
START -516 -1096 7076 2454 137 2883 END
START -708 -1084 7660 3150 261 3295 END
START -1168 -1380 8224 3796 195 3712 END
START -1840 -1624 9020 4428 53 4051 END
START -2512 -2296 9620 5032 -16 4225 END
START -3324 -3024 10516 5600 -119 3997 END
START -3940 -3416 11208 6059 -457 3422 END
START -4556 -3904 11812 6521 -549 2663 END
START -4548 -4220 13024 7007 -423 1843 END
START -4868 -4196 14808 7271 -362 1217 END
START -4996 -4196 17124 7324 -1016 849 END
START -5708 -4372 17504 7308 -2026 886 END
START -6732 -5056 15928 7882 -1874 889 END
START -7736 -6736 17076 8390 186 250 END
START -8268 -8068 19876 7639 1981 -948 END
START -8496 -8648 21208 6234 2933 -2596 END
START -8104 -8752 22028 5189 2778 -4303 END
START -7252 -8240 22884 4591 2188 -5777 END
START -5784 -7316 23300 4300 1239 -6754 END
START -4112 -6548 23484 3865 162 -7257 END
START -3232 -5724 23836 3160 -863 -7644 END
START -2200 -4752 23712 2312 -1789 -8043 END
START -632 -4160 23648 1235 -2242 -8074 END
START 964 -3128 23260 -411 -2742 -7874 END
START 2796 -2688 22176 -1985 -2823 -7332 END
START 4172 -2288 20684 -3250 -2211 -6414 END
START 4744 -2336 19056 -3987 -1170 -5350 END
START 4772 -2468 18240 -4098 -113 -4392 END