START -3368 -6732 17228 -1964 1167 1111 END
START -5128 -4612 13156 -3020 1245 764 END
START -2940 -8688 12584 -2619 171 423 END
START -3560 -8120 14272 -2205 850 -382 END
START -4416 -6192 15536 -2045 1386 -1562 END
START -3756 -5948 16400 -2664 473 -1929 END
START -2908 -6140 16288 -3180 -371 -1566 END
START -3340 -6432 15972 -3619 -808 -1430 END
START -4096 -7248 14944 -3835 -1224 -1696 END
START -5564 -8044 13864 -3512 -918 -2836 END
START -6236 -8420 13764 -3065 -697 -4363 END
START -5960 -8256 14352 -2824 -845 -6025 END
START -5360 -7108 13992 -2711 -1525 -7331 END
START -4264 -5964 13220 -2464 -2184 -7882 END
START -3356 -5472 12604 -2086 -2413 -7631 END
START -3208 -5808 12348 -1916 -2034 -7387 END
START -3080 -5980 11992 -1970 -1607 -7711 END
START -3076 -5556 11804 -1841 -1272 -8325 END
START -2460 -5364 11404 -1470 -1139 -8663 END
START -1940 -5048 11036 -859 -622 -8967 END
START -1196 -4544 10932 -324 -226 -9148 END
START -1000 -4092 11176 227 26 -8973 END
START -712 -4116 11064 971 -237 -8660 END
START -368 -4264 11196 1784 -574 -8302 END
START -280 -4552 11360 2406 -935 -8135 END
START 132 -4476 11636 2776 -1255 -8074 END
START 916 -4440 11524 3054 -1600 -7937 END
START 1732 -4152 11548 3408 -1733 -7593 END
START 2664 -3980 11512 3841 -1990 -6999 END
START 3320 -4064 11620 4542 -1886 -6132 END
START 3736 -3980 11904 5287 -1557 -5150 END
START 4092 -3628 12348 5750 -1129 -4065 END
START 4364 -3980 12500 6033 -433 -2945 END
START 4536 -4296 13148 6216 444 -2146 END
START 4980 -4288 14480 6078 844 -1477 END
START 5416 -4308 15468 5798 785 -714 END
START 5696 -4228 16008 5470 496 171 END
START 5980 -4076 16112 5224 100 1122 END
START 6208 -4004 16184 5073 -200 2043 END
START 6392 -3560 16236 5111 -452 3032 END
START 6536 -3308 16468 5333 -809 4283 END
START 6080 -3552 17104 5445 -1098 5755 END
START 5720 -4304 17216 5437 -1158 7043 END
START 5244 -4328 17860 5200 -926 7991 END
START 4532 -4396 18580 4696 -767 9045 END
START 3628 -4576 18532 4165 -744 10154 END
START 2424 -5112 17684 3762 -675 10805 END
START 1188 -5636 17400 3556 -176 10995 END
START 128 -6212 17884 3123 521 10763 END
START -748 -6364 18600 2437 736 10354 END
START -1664 -6552 18616 1787 426 9877 END
START -2136 -6724 17964 1458 21 9354 END
START -2952 -6340 17548 1270 34 8702 END
START -3548 -6364 17436 954 115 8057 END
START -4476 -6604 17528 693 337 7431 END
START -5452 -6820 17628 285 304 6593 END
START -6024 -7072 17568 -138 -13 5456 END
START -6148 -7120 17444 -316 -404 4119 END
START -6424 -6888 17488 -143 -986 2753 END
START -6116 -6668 17312 75 -1694 1563 END
START -6048 -6036 17172 86 -1908 744 END
START -6056 -5836 16688 -87 -1685 113 END
START -5840 -6304 15808 -283 -738 -629 END
START -5752 -6324 16036 -495 477 -1722 END
START -5060 -5664 17004 -849 1159 -2700 END
START -4952 -5192 17784 -1225 1103 -3177 END
START -4580 -5124 18160 -1353 475 -3474 END
START -4236 -4996 17592 -1288 -95 -3866 END
START -4000 -4972 17152 -1185 -51 -4180 END
START -3648 -5316 17432 -1294 227 -4736 END
START -3200 -5344 17484 -1587 207 -5333 END
START -2700 -5076 17272 -1639 215 -5827 END
START -1700 -4716 17104 -1697 345 -5931 END
START -1000 -4452 18008 -2206 815 -5680 END
START -1316 -4844 17864 -2878 670 -5610 END
START -1188 -4988 17224 -3287 802 -5736 END
START -800 -4900 16580 -3405 1141 -5900 END
START -208 -4856 16740 -3529 1392 -5907 END
START 120 -4772 16652 -3653 1448 -5740 END
START 208 -4504 16528 -3712 1245 -5583 END
START 640 -4632 16396 -3619 990 -5280 END
START 844 -4664 16364 -3644 605 -5074 END
START 856 -4888 15768 -3524 280 -4988 END
START 592 -5012 15540 -3393 345 -5033 END
START 724 -5120 15696 -3499 450 -4967 END
START 848 -5116 15936 -3840 596 -5012 END
START 996 -4796 15744 -4171 659 -5094 END
START 948 -4724 15328 -4297 521 -5081 END
START 1064 -4748 15372 -4211 338 -4938 END
START 960 -4712 15048 -4062 41 -4869 END
START 1172 -4600 14620 -3877 -263 -4765 END
START 1376 -4564 14420 -3687 -526 -4602 END
START 1636 -4288 13960 -3599 -685 -4436 END
START 1980 -4424 13352 -3433 -768 -4305 END
START 2796 -4392 13004 -3089 -977 -4125 END
START 3768 -3872 12864 -2657 -1017 -3656 END
START 4864 -3216 12684 -2343 -919 -2696 END
START 5104 -2516 12540 -2154 -843 -1341 END
START 5264 -2644 12140 -1881 -857 168 END
START 4992 -2976 12180 -1534 -789 1277 END
START 4564 -3264 11844 -1049 -638 2076 END
START 4196 -3440 11676 -592 -169 2702 END
START 4136 -3876 12168 -341 514 3181 END
START 4280 -3672 12872 -370 1013 3740 END
START 4068 -3448 13444 -420 999 4699 END
START 3612 -3480 13484 -153 594 5699 END
START 2916 -3724 13488 375 175 6526 END
START 2344 -3708 13332 862 -28 7201 END
START 1320 -4400 14016 1155 6 7705 END
START 292 -4864 14240 1085 -165 7848 END
START -356 -5340 14052 1053 -152 7548 END
START -1160 -5624 13996 892 -89 6931 END
START -1444 -5480 13728 802 246 6449 END
START -1652 -5420 14044 692 342 6116 END
START -1748 -5188 13740 712 114 5880 END
START -1824 -5104 13260 944 -15 5781 END
START -1876 -4940 13180 1255 -85 5667 END
START -1908 -4780 13516 1570 -255 5529 END
START -2188 -4844 13676 1887 -455 5537 END
START -2776 -5060 13524 2155 -701 5354 END
START -3248 -5600 13236 2439 -519 4838 END
START -3484 -5484 13576 2568 -109 4051 END
START -3296 -5168 13580 2619 138 3253 END
START -2992 -4640 13524 2740 402 2758 END
START -2708 -4196 13500 3020 739 2633 END
START -2828 -4036 14060 3209 852 2767 END
START -3092 -4280 14224 3395 788 2795 END
START -3476 -4420 14712 3565 539 2594 END
START -3804 -4724 14748 3727 309 2312 END
START -4108 -4888 14656 3809 533 1871 END
START -4480 -5308 14940 3822 828 1341 END
START -4720 -5412 15064 3850 1153 858 END
START -5060 -5824 16020 3824 1131 287 END
START -5288 -5944 16332 3747 741 -384 END
START -5244 -6300 15960 3746 735 -1065 END
START -5180 -6636 16580 3841 1183 -1854 END
START -5340 -6656 17616 3635 1307 -2670 END
START -5304 -6960 18516 3336 1061 -3547 END
START -4888 -6792 19392 2959 495 -4450 END
START -4256 -6516 19980 2432 -286 -5165 END
START -3296 -6044 19924 1979 -973 -5538 END
START -2376 -6128 19508 1602 -1384 -5828 END
START -1384 -6088 19436 1165 -1439 -6255 END
START -168 -5724 19488 620 -1396 -6718 END
START 1292 -4896 18996 -21 -1363 -6780 END
START 2712 -3952 18228 -569 -1025 -6327 END
START 3968 -3272 17624 -1059 -620 -5367 END
START 4776 -2872 17216 -1318 -427 -3996 END
START 4848 -2716 16772 -1396 -717 -2666 END
START 4764 -2672 15636 -1304 -1012 -1490 END
START 4256 -2936 14916 -1105 -879 -488 END
START 3720 -3296 14408 -925 -272 188 END
START 3056 -3448 14432 -974 541 624 END
START 2588 -3264 14728 -1253 1062 1029 END
START 2144 -3060 14544 -1501 1271 1553 END
START 1716 -3240 14972 -1486 1326 2182 END
START 1248 -3692 15556 -1538 1022 2621 END
START 588 -3424 16484 -1789 171 2667 END
START 280 -3560 17808 -2316 -1440 2835 END
START 664 -4112 17424 -3033 -2875 3328 END
START 112 -4940 16124 -3683 -3253 3468 END
START 84 -5692 14208 -3801 -2821 3215 END
START 1260 -5612 12776 -3137 -920 2893 END
START 2332 -5080 13864 -2135 1666 3166 END