START 6892 -4300 15780 -1216 743 -515 END
START 6688 -5424 28284 -2142 321 -625 END
START 7112 -4696 15472 -1306 -743 37 END
START 7060 -5188 15380 -1078 846 509 END
START 6672 -4456 16576 -1143 87 374 END
START 7044 -4164 16976 -1685 -754 570 END
START 7848 -4084 17124 -2315 -1255 1127 END
START 8280 -3336 17172 -3303 -1452 1899 END
START 9284 -3896 15336 -3955 -1760 2822 END
START 9920 -4064 13168 -3542 -707 3703 END
START 9276 -2936 14332 -2833 461 4418 END
START 9208 -2504 14708 -2464 -84 5569 END
START 9104 -2148 14152 -2398 -483 7022 END
START 8540 -2400 13368 -2591 -941 8355 END
START 7456 -2612 12056 -2440 -993 9354 END
START 6376 -2680 11280 -2135 -847 10096 END
START 5728 -2992 10744 -1904 -786 10578 END
START 4420 -3280 10480 -1651 -806 10737 END
START 3808 -3776 9732 -1226 -623 10618 END
START 3156 -3844 10076 -790 -285 10288 END
START 2640 -3660 10000 -309 -427 10007 END
START 1836 -3504 10000 302 -478 9919 END
START 1156 -3416 9932 964 -695 9802 END
START -32 -3548 9776 1522 -888 9583 END
START -660 -3840 9472 2201 -886 9315 END
START -1612 -3956 9980 2815 -649 8976 END
START -2780 -4576 10320 3381 -636 8537 END
START -3772 -4868 10592 4038 -1188 7725 END
START -4292 -5180 10680 4890 -1598 6660 END
START -4276 -5544 11440 5560 -1209 5669 END
START -4848 -5336 12316 5661 -616 4893 END
START -4696 -5800 12308 5586 -85 4156 END
START -4816 -6160 12464 5759 444 3279 END
START -4608 -6480 13320 5954 845 2164 END
START -4320 -6492 14028 6159 1032 1169 END
START -4504 -6404 15060 6543 995 343 END
START -4568 -6416 15888 6945 575 -596 END
START -3980 -5928 17004 6990 494 -1688 END
START -3036 -5356 17804 6589 343 -2535 END
START -2372 -5076 17552 6435 425 -2744 END
START -2304 -5008 18116 6331 762 -2765 END
START -2452 -5464 19372 5873 934 -2827 END
START -2628 -6048 19224 5378 765 -3115 END
START -2724 -6576 19668 4955 592 -3755 END
START -2356 -6724 19672 4549 432 -4439 END
START -2048 -6724 19756 4042 568 -5084 END
START -1604 -6860 20124 3497 557 -5769 END
START -1144 -6412 19988 3058 639 -6242 END
START -796 -5944 19664 2725 1193 -6492 END
START -664 -5864 20432 2133 1879 -6527 END
START -376 -5640 20852 1289 2102 -6495 END
START -176 -5816 20660 600 2096 -6406 END
START -328 -6496 20780 243 1977 -6456 END
START -324 -7588 21444 -118 1475 -7141 END
START 244 -7820 22180 -662 826 -8318 END
START 1204 -7276 22820 -1369 -159 -9386 END
START 2808 -6164 21680 -2003 -879 -10081 END
START 4796 -5064 21468 -2854 -698 -10259 END
START 7116 -4216 21500 -4113 -938 -10062 END
START 8892 -2828 20228 -5022 -2059 -9346 END
START 10328 -1916 17568 -5283 -3853 -8378 END
START 11608 -732 13944 -4767 -4384 -7159 END
START 12952 420 12096 -4178 -2691 -5636 END
START 13268 1204 11548 -3887 -1472 -3282 END
START 11816 1232 11512 -3710 -817 -565 END
START 9612 312 10680 -3089 -212 1852 END
START 6956 -1072 11732 -2592 442 3378 END
START 4400 -2044 12092 -2420 657 3934 END
START 2584 -2808 11400 -2062 747 3919 END
START 1296 -3508 11180 -1542 1109 3580 END
START 476 -4180 12116 -1078 1507 2940 END
START -28 -4348 12916 -730 1259 2393 END
START -196 -4824 12816 -101 877 2054 END
START -772 -5060 13972 432 710 1539 END
START -772 -4936 15132 570 -6 867 END
START -316 -4912 15620 568 -603 396 END
START 8 -4776 15608 610 -1189 -85 END
START 572 -4692 15576 545 -1306 -576 END
START 1216 -4324 16064 147 -971 -995 END
START 1888 -3916 16644 -466 -567 -1077 END
START 2008 -3696 17260 -1123 -827 -991 END
START 2112 -4124 17884 -1607 -1899 -1000 END
START 2172 -4516 17520 -1859 -3272 -1120 END
START 3120 -4584 15972 -1435 -4103 -1107 END
START 3812 -4792 15284 -658 -3778 -775 END