START -6836 -7620 19104 1721 -817 -589 END
START -6916 -9612 31368 985 -53 -838 END
START -7424 -7952 16112 1834 -2987 -1089 END
START -8488 -9368 14972 2301 -1528 -2837 END
START -9228 -9852 15772 2234 -601 -5401 END
START -8640 -8664 15920 1640 -393 -7871 END
START -7244 -6908 15216 1387 84 -9134 END
START -6212 -5692 14864 1321 1131 -9196 END
START -5820 -5416 16016 796 1610 -8828 END
START -6060 -6068 16020 185 1099 -8858 END
START -6032 -6336 14896 -18 -47 -9455 END
START -5432 -6160 13604 389 -485 -10311 END
START -5048 -5832 13060 1031 107 -11005 END
START -4908 -6180 13616 1294 1157 -11527 END
START -4192 -6736 14752 1005 1762 -12452 END
START -3404 -5780 15300 580 1298 -13381 END
START -1920 -5264 14640 948 337 -13669 END
START -196 -4824 14672 1619 -261 -13394 END
START 1700 -4472 15028 1682 -255 -12802 END
START 2980 -4332 14864 1227 3 -11980 END
START 4072 -4292 14380 868 436 -11257 END
START 4980 -4016 14872 645 1142 -10580 END
START 6104 -3948 14896 792 1350 -9514 END
START 6640 -3652 16412 862 1060 -8412 END
START 7484 -3952 16392 1066 119 -7254 END
START 7884 -4072 17156 1244 -618 -6079 END
START 8280 -3312 17044 1177 -1401 -4993 END
START 9004 -3308 17272 947 -1519 -3610 END
START 9768 -3572 17800 288 -1235 -2274 END
START 10148 -3188 17808 -498 -525 -998 END
START 10492 -3064 17708 -1258 370 567 END
START 10016 -3452 17924 -1881 1017 2278 END
START 8720 -4092 18488 -2295 874 3672 END
START 7636 -4628 18736 -2528 37 4591 END
START 7112 -5116 18828 -2714 -1187 5277 END
START 6504 -5336 18252 -2902 -2899 5738 END
START 5884 -4908 15916 -2787 -3793 6128 END
START 5304 -5004 14708 -2504 -3157 6768 END
START 4696 -5596 14864 -2681 -2267 7213 END
START 3788 -5808 14648 -2939 -1509 7524 END
START 2632 -5808 14612 -3188 -1160 7803 END
START 2324 -5972 13748 -3139 -1363 8015 END
START 1604 -5840 13348 -2906 -1125 8287 END
START 636 -5932 13556 -2774 -1205 8451 END
START -880 -6176 12984 -2577 -1319 8487 END
START -1948 -7008 12184 -2120 -1240 8126 END
START -2976 -7544 12560 -1811 -738 7178 END
START -3296 -7332 12732 -1807 -744 6126 END
START -3324 -6812 11868 -1601 -1290 5293 END
START -3020 -6600 10940 -898 -1369 4781 END
START -3400 -6300 11064 -258 -1307 4276 END
START -3524 -6052 10656 60 -1382 3806 END
START -3628 -5820 9572 310 -1100 3332 END
START -3612 -5360 9180 650 -330 2768 END
START -3244 -5236 9068 1046 257 2200 END
START -2936 -4428 8732 1604 789 1710 END
START -2896 -4108 9072 2281 728 1320 END
START -2968 -3588 9328 3188 257 1021 END
START -2740 -3080 9112 4142 -38 874 END
START -2528 -2892 9224 4755 96 622 END
START -2328 -2172 9336 4927 266 171 END
START -1436 -1724 8920 5145 254 -265 END
START -196 -1336 8456 5757 507 -241 END
START 580 -956 8996 6496 1018 47 END
START 520 -996 10232 7055 1132 586 END
START 268 -1248 10944 7633 1014 1416 END
START -1036 -2500 12208 8113 484 1818 END
START -1276 -3920 12000 8712 -371 1476 END
START -840 -4540 12456 9357 -255 713 END
START -116 -4712 13796 9568 336 305 END
START 324 -4916 14972 9475 844 431 END
START 92 -5040 16032 9382 1428 514 END
START -136 -5388 17808 9433 1834 601 END
START -108 -6100 20056 9287 2216 566 END
START -120 -6404 22136 8732 1802 295 END
START 228 -6520 23292 7979 1190 -5 END
START 292 -6668 24080 7156 609 -127 END
START 0 -6324 24844 6404 275 -129 END
START -128 -6396 25508 5616 363 134 END
START -640 -6872 26228 4510 513 275 END
START -1012 -6588 26484 3163 -16 -73 END
START -1008 -6256 25040 2027 -823 -394 END
START -612 -6064 23596 1341 -1070 -528 END
START -484 -5760 22636 754 -1209 -793 END
START -68 -5404 21700 226 -1351 -990 END
START 248 -4900 20964 -248 -1240 -1000 END
START 124 -4436 21448 -982 -843 -920 END
START -456 -4456 22288 -2090 -822 -1037 END
START -1208 -4708 22352 -3362 -1313 -1629 END
START -1556 -4984 21656 -4579 -1792 -2731 END
START -780 -4828 20768 -5646 -1967 -3837 END
START 168 -4364 19592 -6360 -1396 -4308 END
START 564 -4120 19576 -6820 -713 -4409 END
START 1052 -3744 19192 -6957 -732 -4328 END