START 5088 -8088 16200 -2572 -997 407 END
START 3936 -7956 20048 -3560 -1614 393 END
START 5848 -9124 13516 -2867 -1859 1001 END
START 5104 -8820 14664 -2752 -2 1282 END
START 5488 -8000 16136 -2759 302 1058 END
START 6316 -7108 17468 -3214 -516 1233 END
START 6704 -5856 16752 -3720 -2537 2039 END
START 7336 -4916 14260 -3525 -3629 3395 END
START 8168 -5100 13824 -3301 -2756 4824 END
START 8020 -4892 14384 -3736 -2366 6308 END
START 7640 -4732 13676 -4496 -2719 7753 END
START 6876 -4992 12084 -4899 -2605 9080 END
START 5724 -5128 10672 -4721 -1956 9871 END
START 5304 -5748 9420 -4119 -973 10497 END
START 3872 -5836 9228 -3387 -258 10814 END
START 2828 -5712 9600 -2742 -370 10870 END
START 2072 -5520 8816 -2077 -604 11160 END
START 1424 -5268 8536 -1402 -618 11532 END
START 772 -5680 8092 -710 -642 11934 END
START -232 -5612 7892 89 -682 12114 END
START -1092 -5272 7856 905 -799 12228 END
START -1920 -5276 7740 1645 -751 12082 END
START -2960 -5128 7480 2292 -483 11659 END
START -3940 -4980 7896 2982 -96 10944 END
START -4868 -4868 8692 3490 -106 10269 END
START -5040 -4896 9460 3877 -345 9813 END
START -5260 -5120 9344 4258 -1072 9346 END
START -5204 -5292 8524 5013 -1413 8752 END
START -5148 -5308 8208 5850 -1052 8286 END
START -5528 -5400 8992 6444 -343 7884 END
START -6168 -6060 9672 6664 168 7539 END
START -7260 -6328 10512 6818 418 6757 END
START -7568 -6556 10316 7185 -59 5656 END
START -7236 -7032 10072 7839 300 4559 END
START -7280 -7104 10900 8525 946 3525 END
START -7512 -7304 11972 8913 1369 2641 END
START -7840 -7084 12924 9125 1773 1715 END
START -8184 -7352 14100 9313 1602 645 END
START -7896 -7436 15096 9420 1187 -477 END
START -7440 -7360 15396 9607 730 -1590 END
START -6748 -6828 15956 9900 680 -2331 END
START -6380 -7052 16496 9956 819 -2807 END
START -5972 -7216 17452 9908 1347 -3303 END
START -5980 -7432 18712 9526 1867 -3793 END
START -6336 -7164 20360 8912 2040 -4420 END
START -6392 -7192 21284 8308 1421 -5119 END
START -5364 -7388 20844 7826 1370 -5618 END
START -5400 -7256 21560 7177 1949 -6090 END
START -5132 -7656 22016 6322 2142 -6520 END
START -5292 -8488 22416 5368 2126 -6829 END
START -5696 -8728 22956 4542 1877 -7850 END
START -4732 -8672 23040 3917 1545 -9099 END
START -3916 -8196 23476 3294 1323 -9985 END
START -2972 -7300 23776 2526 742 -10523 END
START -1436 -7128 23672 1600 245 -10688 END
START -296 -6836 23508 500 127 -10625 END
START 320 -6404 23452 -667 105 -10524 END
START 1352 -6348 22816 -1792 25 -10290 END
START 2352 -6440 22552 -2814 35 -9973 END
START 3144 -5804 21764 -3517 -301 -9664 END
START 4164 -5220 21232 -4021 -581 -9003 END
START 4736 -4908 20988 -4566 -821 -8045 END
START 4912 -4680 20416 -5128 -1481 -7205 END
START 5528 -4320 19516 -5595 -2158 -6406 END
START 6188 -4008 18708 -5972 -2459 -5571 END
START 6868 -3612 18148 -6360 -2462 -4429 END
START 7252 -2976 17272 -6822 -2462 -3108 END
START 7588 -2744 16152 -7139 -2356 -1876 END
START 7772 -2516 15484 -7312 -1967 -563 END
START 7984 -2416 15016 -7366 -2001 645 END
START 8184 -2196 13940 -7263 -2104 1946 END
START 8212 -1972 13220 -7001 -2032 3305 END
START 7836 -1728 12400 -6682 -1736 4602 END
START 7484 -1832 11764 -6172 -1533 5993 END
START 6544 -2116 11344 -5576 -1113 7380 END
START 5396 -2412 11400 -5180 -545 8703 END
START 4080 -2980 11496 -5088 -175 9655 END
START 2404 -3812 11692 -4953 -95 10126 END
START 656 -4604 11384 -4560 -480 10173 END
START -688 -5012 11016 -3928 -1142 9797 END
START -1752 -5364 10500 -3186 -1406 9282 END
START -3080 -5648 10900 -2433 -1429 8736 END
START -4288 -6236 11332 -1881 -1563 8328 END
START -5844 -6700 11848 -1421 -1580 7781 END
START -7600 -7384 12184 -1111 -1918 6831 END
START -8860 -8040 12652 -729 -2326 5445 END
START -9872 -8356 13456 -421 -2771 3910 END
START -10100 -8156 13288 -231 -3401 2382 END
START -9996 -8316 12948 -232 -3287 1177 END
START -9760 -8476 12152 -384 -2365 211 END
START -10132 -8432 12508 -521 -961 -925 END
START -10436 -8544 13356 -717 -533 -2301 END
START -10276 -8580 13624 -525 -814 -3796 END
START -9344 -8596 12944 95 -1305 -5105 END
START -8336 -8092 13148 691 -1062 -6165 END
START -6800 -7600 13472 889 -774 -6994 END
START -6036 -7136 14232 713 -491 -7374 END
START -5412 -7232 14744 353 -160 -7659 END
START -4668 -7332 14600 116 175 -8060 END
START -3472 -7600 15176 77 706 -8504 END
START -2712 -7160 15784 -29 547 -8976 END
START -1312 -6684 15616 61 -60 -9358 END
START 104 -6096 15760 168 -379 -9505 END
START 1468 -5960 15900 -10 -555 -9271 END
START 3076 -5364 15092 -398 -159 -8716 END
START 4544 -5292 14900 -793 635 -7866 END
START 5508 -5360 15008 -1053 1020 -6990 END
START 6372 -4928 14696 -902 954 -6015 END
START 7024 -4524 14644 -571 544 -4846 END
START 7380 -4552 14844 -348 -10 -3628 END
START 7400 -4492 14204 -255 -443 -2368 END
START 7088 -4804 12996 -217 -146 -1159 END
START 6396 -5144 13096 -444 980 -377 END
START 5856 -5464 13208 -761 1484 -54 END
START 5224 -5176 13084 -930 1515 350 END
START 4580 -5032 12336 -762 1350 959 END
START 3676 -5032 12020 -469 1234 1499 END
START 2704 -5164 11644 -94 871 1816 END
START 1512 -5272 11152 346 292 1794 END
START 988 -5140 9732 1051 -204 1733 END
START 356 -4832 9028 1726 188 1604 END
START -24 -4440 9348 2120 539 1366 END
START -344 -4164 9264 2351 650 1133 END
START -756 -3440 8504 2817 331 687 END
START -680 -2500 7780 3679 -98 281 END
START -520 -1920 7452 4650 -355 33 END
START -400 -1444 7196 5618 -540 -236 END
START -108 -1088 7420 6510 -588 -186 END
START 84 -1196 7556 7354 -1108 18 END
START 468 -1648 7492 8182 -1315 435 END
START 536 -2032 7484 8989 -1311 667 END
START 800 -2504 7544 9729 -486 855 END
START 760 -3332 8816 10213 874 1123 END
START 752 -3852 10816 10518 2220 1318 END
START 564 -4484 13256 10679 2974 1327 END
START 544 -5108 15616 10918 3459 1359 END
START 84 -5700 18844 10986 3754 1419 END
START -764 -6124 21680 10733 3287 1335 END
START -1012 -6500 23808 10269 2266 1036 END
START -848 -6752 25344 9450 1436 682 END
START -632 -6764 25856 8234 1065 248 END
START -532 -6964 26516 7031 1204 -28 END
START -632 -7220 27348 5697 946 -375 END
START -368 -7104 27352 4409 265 -750 END
START -80 -6428 26780 3290 -412 -997 END
START 256 -6052 26476 2257 -1093 -968 END
START 268 -5660 25776 1261 -1789 -842 END
START -72 -6008 24560 295 -2158 -967 END
START -432 -6164 24320 -796 -2674 -1480 END
START -308 -5568 23400 -2046 -3436 -2128 END
START 1076 -4776 21364 -3075 -3835 -2203 END
START 1992 -3616 19352 -3535 -3464 -1420 END