START -2472 -3724 11264 3828 -1937 3021 END
START -3080 -2900 15952 3347 -2744 2809 END
START -664 -4740 5088 4597 -2419 3023 END
START -1872 -4300 8508 5663 55 3016 END
START -1676 -3892 10144 5936 1627 2679 END
START -1752 -3572 11208 5622 2379 2493 END
START -1968 -3340 12172 5452 1548 2467 END
START -1976 -2868 11416 5785 605 2341 END
START -1756 -2428 10844 6581 -127 2032 END
START -1188 -1712 10072 7674 -381 1875 END
START -632 -1192 10192 8555 -181 2157 END
START -184 -1312 11496 8749 648 2999 END
START -672 -1500 12224 8440 1245 3789 END
START -1360 -2072 12732 8250 1267 4110 END
START -1804 -2476 13352 8449 928 4086 END
START -2296 -2600 13976 8807 99 3844 END
START -2608 -2428 14604 9209 -759 3499 END
START -2448 -2276 14980 9408 -1319 3473 END
START -2532 -2764 15556 9476 -1400 3697 END
START -2668 -3700 16568 9416 -1530 3648 END
START -2604 -3836 16052 9571 -1761 3158 END
START -2028 -3852 15964 9977 -1041 2733 END
START -2160 -3484 17356 9785 112 2674 END
START -2128 -3584 18572 9128 955 2775 END
START -2296 -3804 20028 8331 1240 2882 END
START -2744 -4180 20796 7847 593 2834 END
START -2624 -4612 20856 7771 -166 2733 END
START -2736 -4828 21148 7632 -70 2531 END
START -2924 -4580 22020 6977 414 2369 END
START -3240 -4780 23084 5863 908 2292 END
START -3488 -5072 23920 4757 1122 2126 END
START -3280 -5264 24540 3792 714 1872 END
START -3284 -5096 24704 3140 210 1797 END
START -3180 -5128 25092 2450 -243 1786 END
START -3588 -5208 25196 1402 -453 1828 END
START -4032 -5272 25088 129 -465 1655 END
START -4184 -5300 24540 -1134 -353 1412 END
START -4660 -5360 24308 -2207 -385 1004 END
START -4896 -5396 23136 -3127 -694 523 END
START -4544 -5320 21864 -3798 -512 -165 END
START -4056 -4888 21764 -4503 -133 -814 END
START -3592 -4216 21732 -5158 -422 -1119 END
START -3244 -3448 20600 -5619 -1077 -1124 END
START -3036 -3296 19400 -5738 -1139 -960 END
START -2872 -3184 18560 -5996 -339 -875 END
START -2880 -3024 18568 -6546 389 -944 END
START -2740 -2624 17964 -7169 788 -890 END
START -2728 -2480 17520 -7604 1026 -690 END
START -2864 -2376 16936 -7742 1061 -601 END
START -3284 -2624 16592 -7565 687 -776 END
START -3556 -2624 16300 -7223 38 -1019 END
START -3776 -2552 15896 -6947 -535 -1309 END
START -4288 -2700 15516 -6842 -884 -1769 END
START -4284 -2548 14572 -6866 -716 -2244 END
START -4320 -2320 13544 -6963 -97 -2592 END
START -4296 -2552 13596 -7122 780 -2804 END
START -4676 -2584 13504 -7371 1011 -3251 END
START -5292 -2976 13204 -7196 458 -3872 END
START -5688 -3208 12772 -6493 -426 -4716 END
START -5768 -3024 12312 -5719 -1419 -5572 END
START -5364 -2752 11168 -5052 -1853 -6239 END
START -5004 -2456 10500 -4653 -1701 -6613 END
START -5012 -2300 10392 -4292 -1385 -6879 END
START -5132 -2772 10432 -3745 -1146 -7266 END
START -5364 -3104 10744 -3147 -832 -8024 END
START -4832 -2856 11024 -2646 -1123 -8917 END
START -3944 -2028 10544 -1796 -1307 -9430 END
START -3272 -1500 10488 -880 -1573 -9371 END
START -2652 -1336 11012 -279 -1698 -9134 END
START -2188 -1424 10996 61 -2072 -8827 END
START -1744 -1600 10372 526 -2332 -8548 END
START -1292 -1800 9724 1188 -2531 -8650 END
START -132 -1940 9344 2062 -2398 -8902 END
START 1368 -1584 9020 2872 -1702 -8867 END
START 2676 -852 9528 3340 -773 -8270 END
START 3444 -580 10268 3558 -835 -7302 END
START 3880 -348 9192 4296 -1229 -6242 END
START 4612 -820 9472 5675 -1736 -5494 END
START 5472 -952 10960 7364 -2231 -4849 END
START 6264 -832 11960 8785 -3217 -3814 END
START 7192 -1384 12540 9611 -3300 -2580 END
START 7536 -2100 13800 9517 -2795 -1701 END
START 8192 -2432 15304 8714 -1753 -928 END
START 8700 -2312 16448 7797 -809 121 END
START 8988 -2540 17940 6712 -283 1342 END
START 8760 -2732 18708 5617 -162 2384 END
START 8820 -2684 18732 5075 -431 3261 END
START 8880 -2588 19392 5132 -864 4474 END
START 8384 -2548 19952 5214 -961 5967 END
START 7164 -3036 21336 4940 -992 7438 END
START 5256 -3768 22092 4271 -1309 8548 END
START 3372 -4320 21788 3324 -1644 9126 END
START 1984 -4760 20468 2379 -1546 8967 END
START 1332 -4484 19872 1537 -675 8675 END
START 644 -4184 20240 704 161 8765 END
START -1384 -4528 20948 117 469 8932 END
START -3600 -5312 20296 76 -446 8606 END
START -5192 -5904 19964 251 -989 7735 END
START -6600 -6232 20168 -13 -1437 6347 END
START -6540 -6000 19044 -648 -2127 4710 END
START -5884 -5136 17592 -889 -2055 3289 END
START -5196 -4308 17808 -855 -1711 2515 END
START -5072 -3572 18596 -1096 -2243 2183 END
START -4988 -3744 17848 -1181 -2934 1890 END
START -4752 -3364 16876 -1205 -3052 1338 END
START -3840 -3080 15596 -1106 -2586 864 END
START -3092 -2472 15652 -1071 -1565 448 END
START -2476 -2040 16060 -1330 -1094 278 END
START -1836 -1920 15276 -1425 -840 358 END
START -1248 -1716 15212 -1343 -527 581 END
START -1108 -1784 15560 -1167 -263 809 END
START -1452 -2392 15560 -1035 -301 920 END
START -1332 -2704 15060 -818 -241 491 END
START -956 -2888 14992 -594 98 -59 END
START -376 -2548 15460 -550 360 -444 END
START -60 -2300 15868 -688 258 -567 END
START 448 -2108 16196 -811 14 -509 END
START 856 -2196 16132 -952 -344 -457 END
START 1152 -2008 16064 -1104 -345 -334 END
START 920 -2016 16684 -1483 -124 -186 END
START 548 -2416 17412 -2063 -314 -91 END
START 692 -2464 17328 -2677 -465 -93 END
START 468 -2780 17120 -3240 -401 -148 END
START 656 -3136 17136 -3506 -446 -300 END