START -2224 -3192 11216 1677 2268 3278 END
START -2820 -2124 9856 962 2072 3060 END
START -1692 -3316 7388 1979 -689 3450 END
START -2740 -3912 7760 3058 197 3022 END
START -2708 -3920 8428 4355 294 2244 END
START -2236 -2968 8712 5145 72 1695 END
START -1240 -2760 9088 5567 290 1831 END
START -1192 -2212 9088 5926 253 2231 END
START -1384 -2520 9036 6571 487 2742 END
START -2048 -2924 10580 7098 947 2961 END
START -3148 -3240 11064 7253 579 2463 END
START -2908 -3376 10104 7554 -64 1340 END
START -2160 -2992 9372 8602 388 276 END
START -1152 -3116 10904 9558 1203 -307 END
START -548 -2728 13956 9630 1245 -309 END
START -376 -1952 13980 9226 590 137 END
START -252 -1316 13700 9130 611 897 END
START 216 -1712 13896 8938 911 1944 END
START 284 -2528 14324 8699 868 2907 END
START -600 -2984 13464 8797 1212 3695 END
START -2188 -3620 14696 9070 2011 4096 END
START -3896 -4804 17348 8869 2034 3736 END
START -4164 -5100 17896 8594 1274 2695 END
START -3232 -5200 18180 8464 1013 1708 END
START -2300 -4080 18352 8341 1375 1371 END
START -1972 -3504 19244 8400 2455 1857 END
START -2596 -4200 22196 8052 3067 2452 END
START -3968 -3884 23848 7213 2613 2670 END
START -3836 -4536 24556 6307 1126 2716 END
START -3928 -5000 24924 5189 9 2430 END
START -4080 -4892 24136 4280 -305 2015 END
START -3696 -5536 24916 3272 -238 1662 END
START -4184 -5088 25716 2018 -792 1124 END
START -4012 -4916 25024 1209 -1540 765 END
START -3612 -4580 24672 805 -1851 799 END
START -3624 -5136 25268 58 -2452 766 END
START -3280 -5092 23460 -756 -2885 587 END
START -2844 -5172 23428 -1477 -2184 308 END
START -3156 -4620 24052 -2540 -1885 99 END
START -3616 -4240 23388 -3447 -1970 132 END
START -3392 -4452 22600 -4101 -1498 174 END
START -3228 -4648 22408 -5119 -741 53 END
START -3256 -4684 22144 -6057 -378 -355 END
START -3100 -4476 21816 -6621 -497 -731 END
START -3104 -4088 21848 -6980 -1040 -820 END
START -3072 -3868 20932 -7386 -1888 -994 END
START -3276 -3364 18620 -7423 -1989 -1159 END
START -3020 -3676 18800 -7472 -1256 -1166 END
START -3124 -3604 18452 -8199 -1007 -1392 END
START -2936 -3528 17816 -8878 -660 -1667 END
START -2752 -3356 17428 -9394 -492 -1664 END
START -2508 -3636 16500 -9546 -482 -1748 END
START -2828 -3108 15036 -9238 -538 -1925 END
START -2288 -2960 14892 -9033 -435 -2099 END
START -2440 -2684 14744 -9076 -587 -2141 END
START -2124 -2924 13780 -8910 -743 -2100 END
START -2388 -2976 13240 -8586 -889 -2251 END
START -2004 -3164 12328 -8192 -949 -2515 END
START -1588 -2768 11504 -7871 -726 -2709 END
START -1280 -2276 10848 -7628 -785 -2616 END
START -1124 -1704 10168 -7068 -752 -2258 END
START -1308 -1884 10176 -6377 -823 -1728 END
START -1860 -2336 9784 -5693 -1370 -1551 END
START -1928 -2536 9148 -5005 -1822 -1821 END
START -1800 -2372 7764 -4461 -1799 -2042 END
START -1440 -2316 6772 -3767 -1652 -2200 END
START -1032 -2436 6252 -2889 -963 -2214 END
START -1064 -2232 5804 -1972 -599 -2034 END
START -1296 -2328 5516 -946 -579 -1871 END
START -1344 -2632 5012 218 -451 -1866 END
START -1356 -2620 4712 1289 -212 -1936 END
START -996 -2832 4504 2362 253 -2105 END
START -476 -2580 4720 3242 985 -2309 END
START 128 -1916 5632 3945 1797 -2296 END
START 492 -1404 7000 4637 2411 -1744 END
START 216 -1312 8632 5414 2544 -813 END
START -936 -2052 10164 6058 1965 -307 END
START -2012 -2688 10416 6777 933 -279 END
START -2592 -3296 10796 7556 542 -740 END
START -2372 -3860 11792 8007 415 -1474 END
START -1688 -3820 12672 8117 530 -2070 END
START -1444 -3524 13532 8171 776 -2318 END
START -1484 -3728 14968 8080 938 -2222 END
START -1988 -3760 16428 7992 598 -2188 END
START -2096 -3992 16860 7978 -154 -2222 END
START -2208 -4300 17596 7955 -885 -2369 END
START -1652 -4420 17636 7891 -1655 -2798 END
START -728 -4300 16864 7876 -1404 -3062 END
START -184 -4064 17048 7762 -433 -3020 END
START -200 -4112 18284 7248 370 -2697 END
START -464 -4372 19740 6651 422 -2577 END
START -288 -4436 19672 6440 -362 -2639 END
START 452 -4184 19292 6567 -390 -2358 END
START 676 -4336 20492 6374 234 -2014 END
START 680 -4228 21712 5551 593 -1692 END
START 440 -4208 22012 4610 747 -1305 END
START 28 -4508 22652 3934 486 -1158 END
START 180 -4624 22248 3651 115 -1197 END
START 388 -4672 22820 3528 -14 -1347 END
START 708 -4184 23260 3099 -483 -1243 END
START 980 -3972 23280 2430 -912 -868 END
START 692 -3712 22660 1663 -854 -415 END
START 404 -3812 22192 832 -387 -77 END
START 92 -3896 22140 27 -294 -55 END
START 256 -3552 21480 -660 -675 29 END
START 536 -3296 19876 -1068 -914 363 END
START 364 -3184 19400 -1192 -629 782 END
START -212 -3704 19848 -1425 -455 1022 END
START -796 -4128 19612 -1712 -477 976 END
START -1128 -4340 19372 -1956 -436 654 END
START -880 -4392 19220 -2161 -110 449 END
START -400 -4512 19952 -2475 425 472 END
START -252 -4488 20440 -2994 923 789 END
START -616 -4744 21700 -3573 1193 1170 END
START -1104 -5120 22660 -4049 1085 1614 END
START -1728 -5512 22944 -4513 1206 1851 END
START -2292 -5812 23536 -5163 1403 1635 END
START -2652 -6144 23848 -6013 1501 1208 END
START -2752 -6324 23476 -6817 1612 742 END
START -2648 -6368 23596 -7555 1888 268 END
START -2640 -6132 23332 -8331 1658 -103 END
START -2528 -5532 22828 -8846 1420 -393 END
START -2608 -5036 22632 -9355 1107 -607 END
START -2892 -4544 21936 -10092 333 -819 END
START -2504 -4256 20056 -10539 -190 -965 END
START -1920 -3932 18696 -10969 10 -1024 END
START -1732 -3708 17332 -11447 235 -1117 END
START -1788 -3412 15708 -11555 -56 -1404 END
START -1364 -2980 13840 -11186 -679 -1700 END
START -748 -2128 11868 -10587 -1431 -1747 END
START -152 -1512 10000 -10037 -1672 -1545 END
START 40 -1108 8380 -9488 -1817 -1252 END
START 580 -912 6228 -8705 -2032 -1006 END
START 1068 -716 4740 -7659 -1848 -857 END
START 1948 -264 3868 -6572 -1564 -556 END
START 2060 0 3492 -5519 -712 139 END
START 2172 -444 3664 -4594 88 1001 END
START 1304 -1144 4840 -3850 858 1849 END
START 424 -2096 5420 -3226 830 2181 END
START 308 -2692 5264 -2402 932 2283 END
START -160 -3420 6324 -1483 1345 2524 END
START -944 -4224 7756 -742 1758 2658 END
START -2128 -4964 9508 -235 1549 2357 END
START -2784 -5540 10780 289 518 1721 END
START -2328 -6064 11176 738 -201 1309 END
START -2640 -6884 11776 941 -431 945 END
START -2928 -7492 12528 895 -473 258 END
START -3224 -7724 12988 809 -495 -610 END
START -3060 -7516 13684 786 -755 -1439 END
START -2276 -7168 14672 667 -906 -2122 END
START -1788 -6716 15212 603 -1216 -2464 END
START -736 -6340 15164 590 -1446 -2398 END
START -44 -5860 15140 573 -1009 -2014 END