START -4648 -4144 13796 2946 1404 4018 END
START -5272 -2632 14832 2357 1619 3725 END
START -3408 -3892 11228 3541 357 4030 END
START -4844 -4756 13568 3960 67 3935 END
START -5368 -5016 12896 4593 -407 3287 END
START -6472 -5452 13416 5147 -410 2231 END
START -7532 -5608 14068 5223 -911 693 END
START -7984 -6388 14116 5312 -1932 -1219 END
START -8008 -6464 13536 5594 -1865 -3437 END
START -7580 -5684 13904 5705 -939 -5316 END
START -6912 -4992 15308 5437 228 -6306 END
START -6560 -4400 17104 5075 675 -6687 END
START -6412 -4320 19040 4675 208 -6567 END
START -6756 -4752 20100 4221 -846 -6256 END
START -6892 -5404 20308 3693 -1802 -6278 END
START -7472 -6644 20868 3032 -2116 -7025 END
START -7460 -7488 20852 2218 -1933 -8233 END
START -7656 -8396 21316 1312 -1134 -9932 END
START -6848 -7900 22132 211 -472 -11938 END
START -4848 -6448 22548 -709 318 -13097 END
START -3628 -5116 24452 -1947 723 -13212 END
START -2752 -4860 25064 -3340 196 -12875 END
START -2808 -4940 24884 -4544 -664 -12736 END
START -2000 -4692 23952 -5449 -1274 -12862 END
START -1036 -4024 23948 -6499 -1194 -13010 END
START 0 -3316 23852 -7934 -1108 -12864 END
START 1000 -2432 22800 -9474 -1466 -12364 END
START 1344 -2448 21060 -10685 -1376 -11614 END
START 1476 -2616 19328 -11597 -760 -11188 END
START 1872 -2816 18264 -12103 -268 -11158 END
START 2156 -1928 17272 -12378 -831 -10897 END
START 2924 -1136 15544 -12224 -1805 -10122 END
START 3464 -1176 14536 -11990 -2344 -8918 END
START 4008 -1036 13704 -12074 -2241 -8048 END
START 4844 -920 13716 -12387 -2226 -7013 END
START 5496 -1076 13744 -13011 -2432 -5832 END
START 6292 -1052 13628 -13989 -2851 -4617 END
START 6544 148 10236 -14745 -3005 -2903 END
START 6252 1572 4732 -14242 -1330 -564 END
START 6500 536 2856 -12518 3841 1867 END
START 6096 -1280 6144 -11125 6430 3623 END
START 5740 -1852 8612 -10468 6744 4943 END
START 4980 -2136 9604 -9954 4386 6308 END
START 4128 -2840 10064 -9238 1921 7463 END
START 3516 -3952 10480 -8266 -1152 8072 END
START 2264 -4052 9820 -7198 -4587 8281 END
START 1028 -3376 5392 -5358 -7737 8657 END
START 112 -3208 144 -2224 -7261 9334 END
START -608 -3920 -1380 1189 -3103 9836 END
START -1560 -5612 2888 3456 547 9814 END
START -2032 -6360 6692 3755 2134 9363 END
START -2348 -6396 8516 3218 1318 8990 END
START -3064 -6200 8592 2983 -346 8636 END
START -3076 -6116 6944 4013 -1823 8246 END
START -3040 -5664 6296 5966 -2484 8120 END
START -3464 -5336 6248 7786 -2475 8172 END
START -3684 -5548 6348 8996 -1885 8080 END
START -4624 -5432 6892 9880 -354 7725 END
START -4480 -5816 8964 10310 936 7158 END
START -4864 -5856 11160 10151 1476 6505 END
START -4800 -5828 12168 9948 802 5850 END
START -4868 -5800 11652 10150 -33 5377 END
START -5396 -5692 11048 11034 -134 5082 END
START -5864 -6592 11708 12129 97 4760 END
START -7220 -6876 13492 13060 694 3996 END
START -7996 -7460 15212 13283 -155 2791 END
START -8428 -7528 15740 13491 -771 1268 END
START -7980 -7452 16324 13367 -612 -561 END
START -6508 -6604 16404 13485 342 -1886 END
START -5688 -6272 18544 12986 1586 -2291 END
START -6144 -6368 19760 12254 2052 -2149 END
START -7460 -6768 19976 11818 3047 -2036 END
START -8500 -7928 22420 11224 3933 -2661 END
START -8812 -8308 24600 10137 3847 -4181 END
START -8244 -8160 26552 8717 1941 -5935 END
START -6948 -7252 25592 7407 -1378 -7333 END
START -4736 -6580 24708 6473 -3055 -8134 END
START -2492 -4992 22844 5743 -3685 -8392 END
START -628 -3952 22036 4948 -2876 -7928 END
START 1052 -3012 21824 3590 -2010 -7053 END
START 2404 -2272 20748 2120 -1366 -6049 END
START 3188 -1980 19736 961 -302 -4932 END
START 3508 -1824 19628 211 348 -3943 END
START 3608 -1484 19168 -293 505 -2870 END
START 3588 -1548 18952 -692 368 -1741 END
START 3124 -1404 17856 -944 400 -689 END
START 2704 -1464 17124 -1020 825 298 END
START 1736 -2020 16724 -1092 1366 1215 END
START 792 -2756 16728 -1341 1741 1667 END
START -192 -2988 16532 -1683 1842 1712 END
START -816 -3276 16316 -1866 1912 1629 END
START -1392 -3468 16756 -2103 1898 1476 END
START -1800 -3664 17236 -2476 1396 1089 END
START -1996 -3892 17148 -2749 253 650 END
START -1828 -3580 16564 -2705 -479 190 END
START -2072 -3444 16272 -2574 -1116 -172 END
START -2276 -3736 16320 -2543 -1698 -720 END
START -2512 -3272 15912 -2545 -2249 -1389 END
START -3540 -3972 14928 -2299 -1735 -2109 END
START -4432 -4696 15996 -2247 -242 -3616 END