START 784 -3788 6732 6587 1051 4414 END
START -2512 432 -4440 5939 1390 4182 END
START 520 -3180 5724 7367 -898 4740 END
START 676 -4244 4784 8963 1618 4834 END
START -248 -3644 7160 10045 2470 4457 END
START -432 -3696 9792 10178 1887 4056 END
START -116 -3472 10304 10035 316 4196 END
START 480 -3292 9856 10185 -752 4463 END
START 1020 -3440 8844 10890 -660 4948 END
START 904 -3420 9376 11682 725 5532 END
START 124 -3392 10464 11757 1670 5770 END
START -300 -3556 11604 11482 2031 5688 END
START -584 -3740 12132 11307 2528 5474 END
START -576 -3944 13124 11495 2970 5270 END
START -592 -4076 14136 11875 2947 5153 END
START -684 -3856 15116 12301 2491 5291 END
START -676 -3800 15608 12524 2153 5449 END
START -820 -3332 16268 12543 2062 5442 END
START -448 -3464 17416 12580 2102 5673 END
START -592 -3800 18988 12317 2269 6075 END
START -1056 -4484 19896 11768 1678 6222 END
START -1140 -4604 19816 11098 1230 6080 END
START -1188 -4712 19580 10532 1960 6007 END
START -1692 -4812 20876 10060 3679 6293 END
START -2608 -5140 22972 9015 5020 6567 END
START -3500 -5528 24596 7798 4679 6617 END
START -3980 -6140 24780 6781 3482 6578 END
START -4688 -6860 25684 6080 3115 6399 END
START -5836 -7616 26636 5343 2938 6035 END
START -6980 -8232 27180 4447 2995 5337 END
START -7828 -8852 28480 3096 2331 4059 END
START -8008 -8912 28792 1441 967 2672 END
START -7892 -8324 28432 -97 544 1666 END
START -7624 -8176 28264 -1623 546 908 END
START -7244 -7872 28396 -3299 96 211 END
START -6860 -7240 27732 -4955 -651 -408 END
START -6300 -6892 26416 -6223 -1538 -947 END
START -5860 -6624 24848 -6941 -2172 -1576 END
START -5052 -6148 24008 -7557 -2371 -2216 END
START -4420 -5528 23248 -8501 -2631 -2742 END
START -3160 -5040 21088 -9436 -2651 -2908 END
START -2232 -4548 19708 -10005 -1352 -2845 END
START -2368 -3904 19712 -10710 -476 -2713 END
START -1948 -3816 18684 -11224 -478 -2355 END
START -1936 -3584 18104 -11529 -255 -1911 END
START -2084 -3592 17324 -11868 -113 -1550 END
START -2428 -3704 16324 -12180 255 -1202 END
START -3148 -4104 15324 -12440 377 -1259 END
START -3204 -4712 14508 -12453 525 -1694 END
START -3680 -4828 13592 -12178 780 -2411 END
START -3640 -4584 13720 -11868 674 -3284 END
START -3392 -4356 13232 -11569 -89 -3788 END
START -3168 -4296 12296 -11091 -596 -4191 END
START -3048 -3992 12448 -10671 -871 -4628 END
START -2700 -3532 12052 -10448 -1359 -4774 END
START -2644 -3428 10532 -9984 -1788 -4512 END
START -2148 -3580 9504 -9231 -1539 -4255 END
START -2588 -4268 10556 -9033 -422 -4206 END
START -3024 -4532 10788 -9247 -363 -4492 END
START -2816 -4728 9508 -9145 -676 -4830 END
START -2632 -4792 8976 -8394 -730 -5095 END
START -2604 -4808 9012 -7512 -1095 -5302 END
START -2752 -4572 7992 -6525 -1546 -5417 END
START -2652 -4440 7032 -5484 -1687 -5479 END
START -2404 -4936 6848 -4521 -1536 -5481 END
START -2712 -5108 6548 -3686 -1186 -5769 END
START -2752 -5528 6100 -2867 -1261 -6306 END
START -2392 -5236 5432 -2019 -809 -6825 END
START -1840 -5180 5564 -1248 -416 -7108 END
START -1416 -4924 5952 -578 -169 -7083 END
START -1124 -4808 5212 449 -683 -6814 END
START -676 -4988 4760 1830 -870 -6387 END
START -396 -4956 4644 2997 -844 -6117 END
START -120 -4948 5092 3911 -261 -5936 END
START 340 -4964 4988 4674 133 -5752 END
START 916 -4916 4908 5417 572 -5715 END
START 1724 -4548 4968 6345 895 -5510 END
START 2192 -4208 5796 7291 2113 -4981 END
START 2304 -3988 6872 8173 2368 -4443 END
START 2512 -3724 7256 9190 2454 -3721 END
START 2336 -3380 8432 10191 2733 -2882 END
START 2028 -3940 9940 10936 2779 -2138 END
START 2060 -4632 11040 11451 2901 -1663 END
START 1860 -4892 12664 11630 2829 -1499 END
START 1612 -4976 13536 11730 2721 -1385 END
START 1400 -5180 14360 11985 2913 -1258 END
START 1356 -5536 16292 12057 3449 -1127 END
START 940 -5892 18388 11640 3461 -887 END
START 456 -6144 19368 11026 2920 -825 END
START 160 -6656 19944 10535 2121 -955 END
START -216 -6876 21128 10153 1508 -1377 END
START 156 -6676 21608 9563 693 -1711 END
START 252 -6376 21884 8851 257 -1707 END
START 460 -6340 22492 8018 119 -1643 END
START 356 -6324 23232 6903 -193 -1560 END
START 636 -6020 22476 5966 -648 -1511 END
START 908 -5808 21660 5315 -899 -1385 END
START 724 -5988 21268 4960 -1122 -1440 END
START 580 -6076 21016 4861 -1275 -1683 END
START 500 -5632 21528 4607 -1544 -1958 END
START 1036 -5184 21564 4013 -1977 -1906 END
START 1320 -4420 20512 3284 -1976 -1576 END
START 1704 -4052 19832 2635 -1699 -1143 END
START 1868 -3608 19248 1985 -1309 -745 END
START 2256 -3384 18768 1424 -1071 -241 END
START 2428 -3324 17964 1017 -757 485 END
START 1912 -3620 17476 782 -470 1222 END
START 980 -3596 17160 858 -504 1452 END
START -20 -4028 16780 1123 -937 1330 END
START 100 -4480 16656 1411 -1452 852 END
START 556 -4536 16120 1440 -1662 421 END
START 1236 -4292 16224 1291 -1346 371 END
START 1348 -3900 16148 935 -718 715 END
START 896 -3956 16604 486 -295 1201 END
START 464 -4324 16424 184 -378 1541 END
START 60 -4404 15908 411 -7 1635 END
START -416 -4620 16624 677 268 1450 END
START -788 -4888 17084 683 318 1104 END
START -800 -4732 17424 468 186 603 END
START -260 -4720 17100 294 364 239 END
START -280 -4552 17568 54 636 10 END
START -432 -4360 18012 -256 299 -163 END
START -808 -4100 17912 -411 -162 -312 END
START -892 -4348 18240 -538 -666 -441 END
START -772 -4436 18560 -898 -1162 -759 END
START -852 -4416 18028 -1465 -1373 -1237 END
START -992 -4284 17584 -1946 -1190 -1818 END
START -932 -4596 18256 -2507 -1111 -2522 END
START -864 -4260 18892 -3271 -1439 -3114 END
START -164 -4356 19116 -4274 -1994 -3409 END
START 1036 -3856 17908 -5198 -1677 -3360 END
START 1588 -3636 16680 -5328 -174 -2992 END