START -9744 -9516 13544 -536 1787 3841 END
START -10616 -10612 22536 -1264 2786 2805 END
START -10072 -10728 10680 -41 2265 973 END
START -10008 -10452 13348 674 4078 -1767 END
START -9992 -8856 16848 271 4896 -4466 END
START -8984 -7076 18120 -1088 3113 -6016 END
START -8156 -5852 16472 -1879 28 -6166 END
START -7928 -5708 13744 -1680 -1783 -5876 END
START -8400 -6772 11736 -1111 -2376 -6706 END
START -8776 -6644 10864 -547 -2663 -8721 END
START -7932 -6200 9748 284 -3131 -10635 END
START -6272 -5296 8796 1398 -3654 -11893 END
START -4284 -4256 8044 2522 -2931 -12270 END
START -3136 -2940 7944 3196 -1834 -11936 END
START -1860 -2300 8156 3653 -1170 -11010 END
START -1068 -2084 8332 4110 -185 -10016 END
START -360 -1544 9056 4590 632 -9206 END
START 812 -1052 9736 5086 693 -8164 END
START 1864 -332 10112 5814 366 -6689 END
START 2836 -212 10324 6766 -77 -4757 END
START 3332 -500 10412 7719 -84 -2987 END
START 3060 -596 9976 8699 758 -1386 END
START 2924 -1768 11144 9451 1652 -94 END
START 2632 -2688 12652 9805 2498 887 END
START 1580 -3172 14464 9693 3037 1575 END
START 920 -3416 15312 9591 2623 1990 END
START 648 -3856 16004 9714 2296 2509 END
START 760 -4428 17484 9674 2029 3172 END
START 496 -4384 18672 9302 1702 3934 END
START 16 -4528 19672 8843 1207 4778 END
START -1208 -5444 21080 8271 504 5248 END
START -2348 -6596 21712 7510 -483 4949 END
START -2544 -7140 20648 6774 -1280 4054 END
START -2184 -6984 20816 6073 -456 3378 END
START -1988 -6696 21500 4897 681 3427 END
START -2348 -6588 22140 3410 1610 3685 END
START -2952 -6840 23248 1967 1698 3694 END
START -3968 -6976 23440 1038 1054 3574 END
START -4912 -6632 23788 372 -262 3294 END
START -5264 -6556 24072 -354 -1704 3176 END
START -5412 -7036 24176 -1388 -2699 2860 END
START -6336 -7504 23912 -2580 -2893 1639 END
START -6780 -7948 23820 -3855 -2906 -219 END
START -6512 -7460 23008 -5247 -2830 -2098 END
START -6128 -6520 22160 -6704 -2843 -3717 END
START -6020 -4632 19108 -7492 -2807 -4577 END
START -5196 -4484 17260 -7414 -1571 -5153 END
START -4616 -4496 17976 -7903 -431 -5571 END
START -4816 -4448 18132 -9190 -350 -6301 END
START -4188 -4196 16808 -10243 -949 -7153 END
START -3028 -3772 16840 -10760 -1932 -7710 END
START -3244 -2528 14640 -10973 -3970 -7848 END
START -3000 -1192 8960 -9527 -5079 -7337 END
START -2104 -2304 7120 -7446 -3456 -6613 END
START -2652 -3288 7840 -6005 -1100 -6602 END
START -2672 -3940 9048 -5358 -43 -7265 END
START -2248 -3912 9240 -5141 -11 -7904 END
START -1572 -3368 8796 -4760 -56 -8243 END
START -552 -2692 7652 -3915 -383 -8359 END
START 420 -1724 6420 -2284 -850 -7963 END
START 1348 -1248 5968 -469 -1232 -7034 END
START 1844 -1432 5540 1341 -1213 -5674 END
START 1844 -2020 6100 2841 -209 -4720 END
START 1732 -2340 7048 4060 719 -4164 END
START 1752 -2232 8416 4948 1011 -3702 END
START 2172 -2184 9144 5808 597 -3207 END
START 2932 -1916 9252 6741 608 -2515 END
START 3604 -1976 10808 7629 689 -1721 END
START 4108 -1784 11968 8279 835 -510 END
START 4296 -1580 12980 8626 1092 1099 END
START 4092 -2072 15176 8681 1224 2794 END
START 3192 -3464 16872 8513 1037 4117 END
START 1956 -4380 17764 8348 750 4812 END
START 884 -5160 18132 8130 677 5068 END
START 28 -5964 19380 7694 1074 4949 END
START -572 -6416 20328 7029 1736 4723 END
START -1112 -7124 22256 5937 2442 4400 END
START -1736 -7160 23452 4664 2307 4010 END
START -2000 -7440 23844 3628 1617 3701 END
START -1900 -7372 24316 2597 1185 3613 END
START -2732 -7260 24728 1386 762 3508 END
START -3524 -7552 24184 351 525 3255 END
START -4192 -8056 24884 -741 620 2627 END
START -5200 -8216 25236 -2142 185 1648 END
START -5488 -8240 24152 -3315 -850 349 END
START -5204 -7516 22680 -4086 -1226 -819 END
START -4588 -6844 22236 -4814 -1358 -1486 END
START -4588 -6728 21684 -5744 -1740 -2034 END
START -4692 -6136 19752 -6537 -2273 -2881 END
START -4664 -5748 17896 -6820 -2436 -3760 END
START -4324 -5372 16844 -7034 -1977 -4542 END
START -3712 -5036 15568 -7405 -1451 -5286 END
START -3180 -4232 14596 -7739 -906 -5787 END
START -2936 -4064 13676 -7902 -781 -6066 END
START -2560 -3788 12920 -7743 -1073 -6384 END
START -2724 -3568 11732 -7240 -1658 -6723 END
START -2132 -3596 10120 -6416 -2011 -7076 END
START -2128 -3500 9376 -5457 -1818 -7451 END
START -2036 -3200 8420 -4543 -1525 -7690 END
START -1648 -2976 7876 -3407 -1204 -7772 END
START -1100 -2744 8040 -2498 -1130 -7894 END
START -96 -2128 8104 -1821 -1229 -7845 END
START 296 -1804 7212 -1007 -1507 -7456 END
START 712 -2084 6668 207 -1650 -7039 END
START 1108 -2000 5996 1542 -1696 -6881 END
START 1632 -1740 5336 3138 -1461 -6701 END
START 2448 -1348 5712 4541 -863 -6321 END
START 3548 -812 6892 5520 -531 -5778 END
START 4688 -164 6936 6317 -367 -4921 END
START 4964 -340 7496 7334 73 -3830 END
START 4784 -416 8668 8308 385 -2879 END
START 4592 -700 9904 9150 433 -2132 END
START 4792 -848 10760 9707 513 -1386 END
START 4912 -1048 11804 10094 716 -550 END
START 4836 -1552 13024 10382 1426 380 END
START 4560 -1852 15436 10484 2271 1331 END
START 3800 -2908 18036 10178 2554 2316 END
START 2272 -3912 20544 9643 1927 2626 END
START 1032 -4812 21756 9049 1147 2380 END
START 272 -5344 22188 8346 763 1934 END
START 48 -5700 23476 7480 980 1510 END
START -256 -5968 24716 6195 1091 1090 END
START -184 -5892 25044 4697 554 870 END
START -460 -6196 24864 3664 -59 706 END
START -628 -6248 24392 2977 -917 439 END
START -704 -6356 23324 2554 -1521 93 END
START -768 -5932 22556 2049 -1727 -385 END
START -448 -5516 21992 1264 -1602 -811 END
START 0 -4852 21248 329 -1166 -907 END
START 376 -4164 20544 -460 -851 -850 END
START 780 -3824 20520 -1075 -665 -721 END
START 1120 -3564 20348 -1627 -828 -536 END
START 1764 -2644 20388 -2282 -1217 -187 END
START 2752 -2484 20736 -3294 -1908 485 END
START 3660 -2520 19728 -4072 -2125 1474 END
START 4416 -1928 19024 -4474 -1813 2570 END
START 4404 -1832 18608 -4458 -1430 3828 END