START -1664 -4832 9696 3251 1961 3333 END
START -4680 -2576 1104 2586 2139 3156 END
START -2060 -5348 10332 3445 259 3674 END
START -3184 -6128 9896 3392 947 3297 END
START -3524 -5912 8552 3521 728 2049 END
START -3068 -5548 8080 3908 1253 539 END
START -2116 -4524 7916 4470 1576 -326 END
START -1816 -2904 7496 5290 1420 -500 END
START -944 -2276 7516 6235 969 -309 END
START -476 -2332 8272 6958 936 256 END
START -504 -2572 7996 7506 816 834 END
START -1068 -3076 8240 7866 1189 1067 END
START -1300 -3500 8656 8138 2100 901 END
START -668 -3900 9304 8075 3284 695 END
START -548 -3964 10112 7928 3907 820 END
START -516 -4252 10412 8095 4045 1025 END
START -832 -4476 11028 8615 4189 1160 END
START -936 -5148 12484 9251 3834 936 END
START -516 -5380 14436 9702 3145 503 END
START 348 -5300 15748 9977 2145 356 END
START 1200 -5408 16868 10073 1299 463 END
START 2104 -5472 17840 10133 1077 667 END
START 2820 -5432 19456 9855 1123 1107 END
START 3404 -4980 20608 9285 849 1582 END
START 4356 -4816 21096 8694 821 2279 END
START 5336 -4704 21524 7910 827 3080 END
START 6212 -4916 22140 7158 1045 3990 END
START 5740 -5080 24112 6336 982 5012 END
START 4976 -5712 24892 5672 65 5922 END
START 3980 -5876 25604 5121 -1069 6566 END
START 3408 -5480 25336 4380 -2349 7007 END
START 3744 -5736 24296 3359 -2971 7686 END
START 3492 -5244 23324 2242 -2381 8579 END
START 2272 -5536 23132 1196 -1643 9626 END
START 264 -6552 23644 524 -1106 10576 END
START -2148 -7004 23896 -97 -1195 10678 END
START -3936 -7552 24172 -962 -1490 10388 END
START -5432 -8208 24424 -2176 -1485 9785 END
START -7208 -8304 23740 -3240 -1823 8544 END
START -8492 -8516 23604 -3885 -2080 7163 END
START -9284 -8312 23588 -4490 -2435 5817 END
START -9932 -7596 23304 -5115 -3220 4556 END
START -10164 -6836 22556 -5586 -4469 3461 END
START -10052 -6468 21288 -6103 -4803 2569 END
START -10128 -6512 20336 -6718 -4784 1286 END
START -9364 -5904 19864 -7397 -4620 -154 END
START -8324 -5044 18088 -7906 -4830 -1187 END
START -7304 -3988 16364 -7772 -4793 -1811 END
START -6292 -2936 14544 -7381 -4665 -2119 END
START -5264 -2180 13536 -6960 -4422 -2087 END
START -4444 -1744 12572 -6757 -4313 -1781 END
START -3468 -1272 10380 -6489 -4212 -1486 END
START -2304 -1148 8748 -5823 -3176 -1187 END
START -1152 -1148 8076 -5105 -1744 -771 END
START -148 -900 7944 -4507 -680 -224 END
START 64 -1112 7816 -3926 -119 456 END
START 212 -1464 8044 -3209 400 1042 END
START -304 -1908 8532 -2431 624 1410 END
START -244 -2604 9072 -1612 544 1641 END
START -72 -2804 9452 -902 514 1829 END
START -112 -3268 9920 -399 506 2161 END
START -636 -3552 10132 -6 757 2449 END
START -1280 -4380 10796 307 1118 2534 END
START -2016 -5268 12072 557 1465 2229 END
START -2636 -5916 13580 612 983 1458 END
START -2680 -6328 14120 753 108 600 END
START -2580 -6516 14528 980 -475 -156 END
START -1784 -6560 15088 1072 -671 -925 END
START -1420 -6040 15660 932 -522 -1480 END
START -1460 -6024 16596 607 -670 -1682 END
START -1204 -6008 16880 389 -898 -1768 END
START -604 -5532 16972 38 -1057 -1504 END