START -452 -7724 14824 -386 -441 762 END
START -2108 -6752 15004 -1431 -380 519 END
START -156 -8812 12292 -873 -2213 758 END
START -240 -8888 11556 -508 -1043 798 END
START -1188 -8440 12284 121 -227 346 END
START -768 -8260 12892 249 -372 -105 END
START -364 -7780 12440 385 -587 -165 END
START 184 -7116 11984 613 -466 160 END
START 208 -6600 11264 861 -313 669 END
START -52 -5996 11120 1187 648 1157 END
START -1084 -6184 11644 1274 1074 1296 END
START -1928 -6488 11496 1351 886 972 END
START -2200 -6576 11324 1559 463 250 END
START -1436 -6432 10468 1930 -65 -505 END
START -308 -5820 9400 2523 -303 -802 END
START 384 -5264 8916 3247 63 -559 END
START 724 -5112 9576 3801 556 146 END
START 524 -4768 10068 4178 745 995 END
START -52 -4164 10232 4469 798 1616 END
START -252 -4060 10596 4734 936 1962 END
START -896 -3736 11000 4898 573 1987 END
START -896 -3604 10216 5202 -266 1733 END
START -644 -3604 8512 5883 -128 1543 END
START 88 -4308 8616 6645 660 1511 END
START 404 -4664 9932 7054 1437 1491 END
START 564 -4632 11100 7251 1586 1686 END
START 472 -4808 11540 7442 1252 2283 END
START 104 -5056 11600 7921 1312 2857 END
START -512 -5460 12612 8310 1615 3060 END
START -888 -5960 14048 8535 1820 3001 END
START -1108 -6404 15600 8576 1469 2823 END
START -1320 -6740 16472 8464 1179 2629 END
START -1900 -6580 17048 8430 1367 2453 END
START -2120 -7004 18500 8317 1627 2329 END
START -2464 -7152 19576 8015 1663 2146 END
START -2768 -7116 20788 7508 1027 1736 END
START -1860 -7164 20460 6827 621 1389 END
START -1052 -7064 20548 6220 944 1241 END
START -1188 -7080 21960 5432 1050 1471 END
START -1820 -7380 22908 4603 398 1681 END
START -2252 -7380 22608 4004 -439 1786 END
START -2552 -7532 22436 3527 -801 1695 END
START -2564 -7732 22696 2780 -787 1471 END
START -2520 -7900 22704 1763 -722 1191 END
START -2464 -8084 22580 817 -534 1001 END
START -2468 -8204 22448 125 -282 776 END
START -2924 -8164 22992 -453 -135 560 END
START -3248 -8028 23128 -1156 -377 245 END
START -2764 -7728 22516 -1894 -728 -63 END
START -2352 -7284 22048 -2664 -624 -288 END
START -2096 -6928 22068 -3434 -553 -423 END
START -2028 -6312 21056 -4156 -624 -403 END
START -1988 -6028 20648 -4878 -684 -259 END
START -1860 -5964 20180 -5544 -1014 -283 END
START -1704 -5652 18504 -5937 -1164 -385 END
START -1524 -5128 17456 -5958 -945 -488 END
START -1280 -4984 17192 -6012 -888 -479 END
START -1236 -4732 16576 -6166 -990 -345 END
START -1012 -4480 15112 -6264 -1011 -153 END
START -980 -4148 14596 -6241 -776 170 END
START -1464 -3888 13636 -6135 -914 372 END
START -1448 -4176 12720 -5794 -977 457 END
START -1492 -4152 12020 -5391 -1091 293 END
START -1500 -3844 11420 -4951 -1057 -4 END
START -1452 -3900 11552 -4515 -865 -88 END
START -1632 -3932 10996 -4059 -896 -19 END
START -1976 -3876 10748 -3471 -804 -142 END
START -2188 -3724 11104 -2956 -881 -210 END
START -2764 -3648 10708 -2517 -1033 -135 END
START -2904 -4040 9984 -1998 -699 -111 END
START -3108 -4376 10136 -1628 -8 -352 END
START -3352 -4668 10164 -1452 402 -669 END
START -3716 -4732 10064 -1017 952 -766 END
START -4952 -5348 10964 -439 1116 -990 END
START -5752 -5996 11024 254 1042 -1511 END
START -6448 -6464 11780 1113 1224 -2279 END
START -6668 -7088 13484 1612 936 -3248 END
START -6668 -7144 14188 1679 491 -4174 END
START -6212 -7164 14364 1508 193 -5116 END
START -5368 -7256 15000 1315 77 -5911 END
START -4744 -7084 15116 1343 -86 -6537 END
START -3728 -6888 15364 1579 -339 -7060 END
START -2312 -6724 15392 1742 -504 -7330 END
START -1060 -6564 15864 1652 -297 -7506 END
START 304 -6512 16852 1334 179 -7383 END
START 1444 -6356 17412 885 389 -6912 END
START 1896 -5956 17756 483 451 -6206 END
START 2436 -6236 17880 207 611 -5388 END
START 2736 -6612 18472 -117 759 -4813 END
START 3364 -6588 18752 -501 837 -4327 END
START 3468 -6460 19416 -933 561 -3777 END
START 3548 -6640 19656 -1364 48 -3109 END
START 3180 -6564 19312 -1721 -245 -2506 END
START 2808 -7056 19836 -2374 -173 -1974 END
START 2676 -7432 20184 -3393 -222 -1726 END
START 2628 -7404 19332 -4299 -617 -1643 END
START 2900 -7240 18236 -4730 -908 -1367 END
START 2948 -7420 17736 -4868 -1018 -1002 END
START 2516 -7124 17444 -5001 -1027 -808 END
START 2172 -7084 17472 -5282 -1364 -515 END
START 1796 -7004 16460 -5560 -1551 -137 END
START 1580 -7064 15624 -5835 -1384 125 END
START 1416 -7248 15016 -6138 -1081 206 END
START 1196 -6948 14120 -6296 -869 249 END
START 944 -6732 13884 -6369 -812 422 END
START 328 -6672 13184 -6300 -1017 645 END
START -196 -6844 12632 -6007 -1169 557 END
START -504 -7132 12148 -5662 -1466 257 END
START -96 -6864 11400 -5274 -1675 1 END
START 240 -6412 10668 -4941 -1702 -19 END
START 600 -6200 10652 -4648 -1540 108 END
START 92 -5496 9916 -4261 -1374 389 END
START -512 -5612 9648 -3696 -1258 695 END
START -640 -6056 9908 -3194 -1130 706 END
START -940 -5656 9404 -2814 -1164 382 END
START -484 -5228 8440 -2351 -826 160 END
START 88 -4764 8636 -1997 -475 187 END
START 140 -4148 8428 -1758 -633 440 END
START -4 -3712 6996 -1200 -1220 797 END
START -16 -3732 5192 -106 -1393 1052 END
START 104 -3812 4164 1196 -940 1176 END
START -12 -3828 3684 2346 131 1142 END
START -116 -3628 4012 3268 633 1003 END
START -200 -3264 3640 4277 735 915 END
START -336 -2668 3380 5391 722 863 END
START -172 -2188 3364 6505 812 847 END
START -132 -1984 3616 7616 1182 856 END
START -568 -1952 5212 8591 1341 921 END
START -1000 -1848 6588 9422 738 966 END
START -1000 -2000 6628 10462 -234 920 END
START -844 -2400 5988 11833 -426 828 END
START -744 -2792 6996 12891 546 797 END
START -1008 -3372 9548 13370 1348 689 END
START -1016 -4268 12460 13674 1528 619 END
START -952 -4868 14312 13802 947 361 END
START -44 -5220 16056 14062 974 134 END
START 224 -5392 19144 14047 1357 211 END
START 272 -5828 22392 13470 1585 473 END
START -496 -6492 24724 12761 1316 645 END
START -1196 -7140 27104 11614 596 388 END
START -880 -7600 28276 10365 -19 -173 END
START -500 -7252 29060 8973 -424 -521 END
START 144 -6716 29440 7477 -771 -495 END
START 772 -6600 29168 5852 -1248 -281 END
START 784 -6688 28452 4328 -1591 36 END
START 536 -6964 27432 3010 -1792 246 END
START 348 -6904 26132 2064 -1871 184 END
START 224 -6628 25164 1326 -1774 89 END
START 320 -6324 23888 471 -1607 165 END
START 280 -5736 22420 -487 -1022 360 END
START 120 -5332 21204 -1542 -41 653 END
START -136 -5428 20912 -2435 295 783 END
START -592 -5360 19776 -2814 -244 687 END
START -820 -5068 18340 -2519 -937 597 END
START -500 -4612 17460 -2043 -1169 512 END
START -224 -4120 16604 -1831 -905 449 END
START -88 -3828 16448 -2053 -233 493 END
START -208 -3540 16192 -2470 -50 685 END
START -496 -3580 15620 -2608 70 613 END
START -608 -3668 15600 -2502 -69 390 END
START -440 -3424 15424 -2318 -321 211 END
START -16 -2956 14700 -1965 -802 183 END
START 332 -2752 14300 -1472 -629 460 END
START 28 -2620 14648 -1234 -548 717 END
START -236 -2976 14784 -1217 -652 833 END
START -476 -3148 14808 -1421 -761 728 END
START -1000 -3412 15012 -1641 -890 393 END
START -1640 -3884 15372 -1878 -1222 -267 END
START -1300 -4164 15672 -2055 -1558 -1172 END
START -424 -3884 16132 -2270 -1886 -1730 END
START 148 -3744 16120 -2320 -2300 -1712 END
START 1672 -3380 15340 -2189 -1832 -1067 END