START 9504 -6568 11400 -6949 1006 3162 END
START 11248 -8752 25216 -7837 -730 2904 END
START 11264 -6156 5732 -6859 760 4043 END
START 10128 -5160 7512 -5900 1529 5221 END
START 9972 -4636 7392 -4657 1276 6323 END
START 10068 -4460 6796 -3490 399 7561 END
START 9248 -4952 6392 -2383 183 8918 END
START 8096 -4964 5432 -1581 -231 10088 END
START 6408 -4964 4316 -744 121 10845 END
START 4544 -5352 4412 -99 415 10946 END
START 3212 -6036 4516 481 567 10645 END
START 1884 -6756 4352 1206 105 10210 END
START 780 -6864 3336 2480 387 9592 END
START -972 -7004 3664 3703 770 8769 END
START -2664 -7144 3668 4779 1474 7571 END
START -4292 -7376 4584 5524 2274 6034 END
START -5672 -7676 5704 5983 2772 4132 END
START -6484 -7632 6516 6304 2724 2071 END
START -7076 -7648 7128 7047 2287 -89 END
START -6936 -7300 7932 8247 1330 -2103 END
START -6020 -6816 9184 9692 72 -3554 END
START -5424 -7188 10668 10593 -812 -4412 END
START -5056 -7620 11920 10744 -1087 -5366 END
START -4956 -8204 12840 10211 -1134 -6567 END
START -4780 -9624 12692 10075 -93 -8045 END
START -3896 -10412 13972 10192 2171 -9771 END
START -3892 -9668 16860 9680 3794 -11437 END
START -3284 -9328 19192 8910 4183 -12725 END
START -2028 -9724 21456 8206 3238 -13537 END
START -1040 -9884 23328 7520 2084 -14275 END
START 592 -10044 24780 6619 911 -15505 END
START 2888 -9664 25696 5523 1067 -16658 END
START 5668 -8852 26664 3726 1203 -17217 END
START 8484 -8096 26684 1809 1742 -16781 END
START 10668 -7456 26884 -103 2456 -15591 END
START 11676 -7168 26740 -2009 2701 -14151 END
START 12204 -6968 26500 -3529 2679 -12960 END
START 12960 -5532 26100 -4703 1845 -11572 END
START 13448 -4296 25936 -5910 1095 -9356 END
START 12948 -4404 25368 -7495 -239 -7014 END
START 12380 -4776 24056 -9050 -1301 -5218 END
START 12156 -5128 22320 -10366 -2091 -4138 END
START 12256 -5952 20280 -11016 -2541 -3387 END
START 12348 -5764 18788 -10942 -2353 -2621 END
START 12804 -5484 18076 -10925 -1565 -1433 END
START 12444 -5480 18220 -11630 -1296 -99 END
START 11816 -5288 17428 -12468 -2088 1012 END
START 11112 -4976 15000 -12600 -2872 2128 END
START 10104 -4848 13508 -12175 -3564 3253 END
START 8528 -5004 11504 -11597 -3705 4073 END
START 6836 -5520 10568 -11261 -3358 4175 END
START 5700 -5720 9596 -11184 -3204 3690 END
START 4768 -5248 8224 -10956 -3136 2953 END
START 4440 -5132 6960 -10226 -3436 2485 END
START 4376 -4588 5736 -9138 -4168 2286 END
START 3860 -4092 4892 -7909 -5255 2170 END
START 3256 -3728 3520 -6444 -6880 2019 END
START 3188 -4236 1764 -4507 -7725 1820 END
START 3300 -4192 284 -2399 -6837 1728 END