START -208 -4548 12800 1463 673 2934 END
START -512 -4820 18976 698 795 2641 END
START -652 -4512 12536 1513 -1793 2913 END
START 608 -4964 9416 2640 -902 2745 END
START 788 -4376 9756 3587 -185 2690 END
START 1060 -3928 10836 4004 131 2757 END
START 1756 -3600 11392 4063 294 3113 END
START 1700 -2792 11272 4018 158 3673 END
START 1480 -2896 10908 4192 256 4253 END
START 1240 -3272 10924 4479 403 4416 END
START 1572 -3196 11268 4649 403 4275 END
START 2176 -2448 10956 4702 248 4473 END
START 2280 -2396 11080 4933 238 5467 END
START 1592 -2968 11448 5310 669 6534 END
START 176 -3744 11920 5769 625 6806 END
START -660 -4000 12240 6305 441 6283 END
START -892 -3688 13360 6698 192 5349 END
START -192 -3036 13848 6863 -289 4870 END
START 1296 -2428 13836 7014 -383 5418 END
START 1024 -2576 14864 7072 12 6592 END
START 308 -3020 14772 7022 -82 7496 END
START -348 -3440 14748 7158 214 7993 END
START -1160 -3756 14860 7376 509 7677 END
START -1048 -3756 15504 7553 1040 7306 END
START -1104 -3196 16712 7487 1650 7308 END
START -1356 -3384 18276 7234 1821 7647 END
START -1980 -3540 19536 6870 1248 7944 END
START -2652 -3784 19320 6535 312 8101 END
START -2864 -4068 18472 6568 172 7955 END
START -3012 -3776 19096 6467 879 7670 END
START -3304 -3352 20048 5939 1385 7519 END
START -3808 -3568 20756 5350 1345 7456 END
START -3876 -3976 20448 4953 625 7290 END
START -3744 -4156 20664 4672 516 6898 END
START -3564 -3708 20032 4316 1119 6793 END
START -4224 -3640 21124 3758 1924 6880 END
START -5064 -3796 22224 2979 2236 6947 END
START -5912 -4088 22524 2244 1421 6944 END
START -6584 -4884 22304 1600 295 6526 END
START -6820 -5672 21440 1212 -25 5463 END
START -7084 -5552 21740 748 229 4084 END
START -6488 -4864 22200 59 275 3042 END
START -5712 -4336 22416 -652 20 2616 END
START -5292 -3768 22524 -1285 -598 2699 END
START -5200 -3980 22004 -1818 -1094 2947 END
START -5480 -4564 21824 -2402 -1057 2842 END
START -5696 -4624 21284 -3058 -620 2388 END
START -5720 -4688 21700 -3846 -30 1894 END
START -5628 -5076 22076 -4750 -167 1290 END
START -5220 -4700 21396 -5354 -420 606 END
START -4548 -4288 20944 -5663 -470 154 END
START -3816 -4080 21132 -5928 -950 -37 END
START -3440 -3712 20340 -6214 -1181 23 END
START -3208 -3692 19916 -6586 -1030 88 END
START -3036 -3388 19352 -7048 -722 46 END
START -2704 -3420 19092 -7527 -455 77 END
START -2700 -3372 18588 -7880 -369 120 END
START -2700 -3572 18004 -8089 -442 82 END
START -2528 -3484 17388 -8167 -394 122 END
START -2932 -3544 17132 -8286 -365 135 END
START -3188 -3476 16724 -8425 -333 -9 END
START -3524 -3620 16772 -8730 -414 -169 END
START -3556 -3728 16048 -8946 -861 -443 END
START -3440 -3760 14904 -8806 -1002 -785 END
START -2980 -3544 14156 -8546 -926 -1077 END
START -2900 -3244 14100 -8232 -672 -1077 END
START -2892 -3120 14572 -8088 -1000 -1002 END
START -2736 -3032 14204 -8022 -1435 -884 END
START -3044 -3040 13552 -7895 -1338 -923 END
START -3012 -3132 12904 -7699 -1256 -1158 END
START -2752 -2852 12704 -7483 -1353 -1411 END
START -2780 -2208 11776 -7214 -1549 -1391 END
START -2784 -2208 10800 -6766 -1594 -1138 END
START -2868 -2404 10064 -6211 -1339 -976 END
START -3080 -2556 9308 -5610 -1217 -890 END
START -3180 -2452 8432 -5003 -1071 -767 END
START -3636 -2428 7868 -4371 -1010 -664 END
START -4368 -2772 6944 -3536 -656 -900 END
START -4824 -2832 6880 -2692 -405 -1476 END
START -4844 -2684 7204 -1887 -705 -2070 END
START -4308 -2216 6624 -1022 -934 -2443 END
START -3932 -1732 6068 -152 -1006 -2548 END
START -3672 -1348 5100 856 -672 -2470 END
START -3580 -1444 4848 1916 -136 -2375 END
START -3972 -1584 5284 2970 339 -2566 END
START -4112 -1424 5328 3981 471 -2922 END
START -3840 -1268 5308 5041 616 -3177 END
START -3460 -1384 5280 6099 1017 -3142 END
START -3072 -1640 5760 7096 1732 -2952 END
START -3672 -2052 6820 7851 2574 -2754 END
START -4428 -2536 8708 8414 2942 -2810 END
START -5132 -2988 10108 8985 2747 -3214 END
START -5024 -3100 10816 9722 2229 -3791 END
START -4572 -3736 12012 10569 2104 -4234 END
START -4476 -4028 13464 11101 1849 -4850 END
START -4136 -4044 14688 11310 1899 -5389 END
START -3436 -4088 15964 11213 2073 -5833 END
START -2940 -3800 17344 10947 2377 -6222 END
START -1976 -3788 18060 10734 2437 -6546 END
START -460 -3932 19240 10708 2510 -6897 END
START 760 -3288 20868 10530 2433 -6815 END
START 1688 -2884 22632 10073 2496 -6093 END
START 1632 -2836 24804 9129 2055 -4915 END
START 1284 -3212 25304 7853 1520 -3958 END
START 860 -3864 24648 6640 1327 -3330 END
START 604 -4832 24352 5613 1670 -3214 END
START 528 -4996 24404 4625 1625 -3432 END
START 948 -4948 24320 3836 990 -3485 END
START 1476 -4512 24080 3337 413 -3261 END
START 1524 -3916 23708 2743 -50 -2730 END
START 1512 -3284 23288 2029 -402 -2167 END
START 1660 -3132 22104 1251 -651 -1483 END
START 1912 -2892 20884 578 -306 -813 END
START 1708 -2828 19960 18 127 -223 END
START 1444 -2564 19032 -429 734 433 END
START 384 -2752 18888 -893 1023 1031 END
START -676 -3220 18588 -1285 916 1306 END
START -1680 -3048 18356 -1454 526 1212 END
START -2476 -3224 17856 -1423 30 1044 END
START -2612 -3560 17156 -1336 -353 806 END
START -2232 -3732 17036 -1314 -226 264 END
START -1996 -3092 16944 -1556 -444 -181 END
START -1708 -2388 16064 -1771 -781 -96 END
START -1304 -2292 15432 -1791 -471 123 END
START -1124 -2060 15628 -1806 -184 207 END
START -1092 -1748 16372 -1754 -697 198 END
START -1644 -1700 16004 -1399 -1969 579 END
START -2060 -1532 15812 -972 -2507 681 END
START -2280 -1808 16880 -1167 -3098 310 END
START -1528 -2208 16388 -1817 -3180 156 END
START -1100 -2396 15848 -2478 -1592 275 END
START -944 -2696 16484 -3185 17 167 END
START -1124 -2804 16832 -3439 840 172 END
START -1424 -3540 16732 -3191 1144 608 END
START -2008 -3464 16960 -2789 948 1003 END