START 1480 -4112 14944 520 314 7751 END
START 496 -3536 19292 -419 -43 7711 END
START 1428 -4516 14280 268 -1286 8356 END
START 1152 -5368 13312 692 -248 8844 END
START 500 -4820 12792 922 -132 8770 END
START 480 -4892 12140 869 11 8777 END
START 396 -4948 11632 934 876 8932 END
START -64 -4952 12036 1127 1358 8956 END
START -972 -5188 12192 1444 1629 8871 END
START -2032 -5172 12044 2005 1653 8599 END
START -2804 -5196 12376 2523 1265 7878 END
START -3188 -5408 12920 2810 277 7102 END
START -3212 -5296 12540 3209 -741 6178 END
START -3132 -4652 11996 3752 -1088 5380 END
START -2812 -3800 11316 4301 -916 4979 END
START -2872 -3964 12092 4617 -159 4976 END
START -3064 -4032 13008 4507 156 4824 END
START -3084 -4096 13416 4331 38 4592 END
START -3260 -4476 13188 4342 -471 4382 END
START -3824 -4408 12664 4761 -656 4000 END
START -4016 -4432 12300 5418 -547 3582 END
START -4448 -4848 12648 6112 -94 3308 END
START -5140 -5036 13668 6558 411 2890 END
START -5884 -5592 14832 6742 315 2051 END
START -5876 -5940 15148 6930 46 962 END
START -5984 -6080 15492 7082 470 -91 END
START -5760 -5892 16492 6918 899 -1130 END
START -5276 -5688 17112 6562 1077 -1869 END
START -5220 -5712 17440 6390 1311 -2332 END
START -5172 -5876 17836 6385 1521 -2770 END
START -5328 -5676 18580 6460 1705 -3258 END
START -5292 -5856 19640 6228 1807 -3883 END
START -4988 -6000 20208 5717 1401 -4519 END
START -4708 -6012 20436 5236 1206 -5170 END
START -4340 -6252 20560 4805 1264 -5770 END
START -3916 -5968 20648 4418 1351 -6256 END
START -3920 -5676 21084 3943 1146 -6503 END
START -3476 -5896 21028 3527 899 -6684 END
START -3132 -6064 21752 2942 1054 -7012 END
START -2652 -6484 22648 1969 613 -7337 END
START -2232 -6796 22404 1073 562 -7653 END
START -2200 -6796 21728 404 846 -7917 END
START -2116 -7080 22184 -365 1731 -8120 END
START -2116 -7276 23520 -1635 2082 -8692 END
START -1316 -6684 23900 -3134 1647 -9444 END
START 92 -5860 23384 -4289 809 -9831 END
START 1296 -5160 22528 -4902 2 -9748 END
START 2340 -4600 21816 -5445 -248 -9551 END
START 3408 -3644 21120 -6132 -344 -9137 END
START 4408 -3068 20492 -6976 -354 -8363 END
START 5152 -2228 20136 -7848 -646 -7399 END
START 5828 -1756 18916 -8512 -1289 -6186 END
START 6528 -1252 17420 -8859 -1629 -4544 END
START 6596 -1056 15824 -8882 -1603 -2946 END
START 6820 -1188 15292 -8750 -1175 -1370 END
START 6668 -1096 14584 -8688 -1205 75 END
START 6360 -1220 13804 -8478 -1483 1426 END
START 5996 -1544 12784 -8044 -1329 2608 END
START 5712 -1296 12152 -7775 -801 3634 END
START 5520 -1304 11840 -7718 -351 4616 END
START 5328 -1284 11520 -7583 -190 5710 END
START 4608 -1400 11068 -7159 -497 6667 END
START 4500 -1968 10368 -6299 -928 7415 END
START 4496 -1960 9880 -5366 -965 8175 END
START 3724 -1504 9180 -4634 -599 9228 END
START 2804 -1748 8588 -3922 120 10127 END
START 1572 -2216 8732 -3288 1259 10866 END
START 376 -2844 10096 -2944 1976 11347 END
START -1136 -3160 11124 -2633 1520 11544 END
START -2844 -3944 11032 -2007 293 11254 END
START -3952 -4468 10692 -1180 -626 10583 END
START -4568 -4560 10736 -484 -1049 9732 END
START -4788 -4472 10816 -125 -999 9231 END
START -5648 -4392 10816 180 -778 8928 END
START -6212 -5060 10500 555 -817 8503 END
START -7000 -5364 10908 983 -436 7790 END
START -7644 -5692 11080 1179 -303 6768 END
START -7784 -5836 10928 1426 -262 5791 END
START -8008 -5664 10672 1971 -256 4837 END
START -7740 -5596 10684 2627 -11 4153 END
START -7880 -5700 10892 3148 246 3524 END
START -8284 -5908 11424 3620 531 2728 END
START -8456 -6344 11672 4125 910 1782 END
START -8408 -6448 12292 4535 935 740 END
START -8240 -6556 12664 4977 1105 -248 END
START -7688 -6236 13184 5529 1409 -988 END
START -7600 -6084 14148 5844 2015 -1480 END
START -7636 -6044 15444 5725 2429 -1652 END
START -8264 -6456 16328 5482 2913 -2025 END
START -8644 -6972 17508 5064 3278 -2672 END
START -9244 -7516 17836 4511 3166 -3641 END
START -9168 -7712 17712 4159 2995 -4657 END
START -9512 -7632 17832 4024 3001 -5566 END
START -10024 -7860 17620 4047 3094 -6399 END
START -10204 -8708 18480 3922 3203 -7451 END
START -10640 -9264 19096 3552 2859 -9123 END
START -10152 -9204 19740 3255 1596 -11335 END
START -8936 -8792 20176 3139 -265 -13656 END
START -6864 -7368 19896 3199 -1499 -15351 END
START -4812 -6160 19504 2847 -2191 -16327 END
START -2356 -4428 19412 2101 -2272 -16899 END
START 248 -3280 19572 1113 -2270 -16921 END
START 2880 -2256 19040 157 -2380 -16445 END
START 5396 -856 17832 -700 -2210 -15423 END
START 7200 300 16552 -1524 -1270 -13715 END
START 8460 620 16092 -2032 -417 -11414 END
START 8888 924 15384 -1911 -352 -8947 END
START 9076 640 14544 -1549 -577 -6416 END
START 8796 344 14064 -1135 -471 -4091 END
START 7940 -52 13688 -836 18 -2016 END
START 6384 -656 14184 -624 671 -269 END
START 4956 -1832 14808 -791 1074 921 END
START 3616 -2736 15080 -1356 1339 1622 END
START 2520 -3164 14532 -1999 1545 1982 END
START 1852 -3564 14364 -2197 1656 2234 END
START 1124 -3916 14864 -2023 1619 2507 END
START 312 -4184 15560 -1867 1051 2749 END
START -496 -4780 15984 -1809 158 2801 END
START -876 -5084 16652 -1932 -588 2732 END
START -1136 -5736 16692 -2200 -1416 2490 END
START -1480 -6156 16772 -2374 -1556 2221 END
START -992 -6644 17060 -2345 -1680 1883 END