START 308 -2720 9048 4610 -18 1925 END
START -712 -932 7124 3628 134 1776 END
START 36 -3136 5936 4688 -1461 1789 END
START 320 -2852 8224 6016 -1267 1855 END
START 196 -3308 8412 6988 -1216 1650 END
START 204 -3108 8984 7678 -1122 1417 END
START 324 -2952 10004 8034 -974 1337 END
START 124 -2932 10596 8021 -1441 1271 END
START 448 -3056 10312 8205 -1885 1030 END
START 1136 -3220 10228 8806 -1608 788 END
START 1676 -3176 10816 9394 -1275 727 END
START 2064 -3128 11164 10086 -960 799 END
START 2516 -2960 12088 10601 -353 955 END
START 3020 -2900 13180 10538 128 1257 END
START 3100 -3180 13964 10232 650 1915 END
START 2880 -3492 14672 10114 735 2334 END
START 2436 -3872 14976 10281 808 2639 END
START 1492 -4420 15880 10518 1102 2838 END
START 476 -5488 17292 10550 790 2488 END
START 640 -5808 17780 10426 280 1622 END
START 1216 -5724 18492 10338 8 1010 END
START 1732 -5704 19336 10269 106 1004 END
START 1584 -5656 21388 9730 231 1302 END
START 1468 -6032 22456 8873 -99 1580 END
START 1200 -6340 22764 8017 -516 1758 END
START 1200 -6332 22604 7124 -376 1726 END
START 1624 -6316 22996 6263 -1 1445 END
START 1592 -6164 23504 5359 415 1487 END
START 1572 -6168 24016 4349 535 1746 END
START 1364 -6684 24404 3337 685 1914 END
START 980 -6996 24828 2377 650 1934 END
START 448 -7144 25244 1533 683 1900 END
START 136 -7236 25596 514 517 1810 END
START -84 -6732 25152 -702 180 1691 END
START -572 -6732 24308 -1800 514 1500 END
START -716 -6268 23800 -3013 1332 1229 END
START -1152 -6088 23232 -4377 2416 922 END
START -1424 -6120 23400 -5856 3162 578 END
START -1992 -5900 22940 -7140 3140 23 END
START -2236 -5824 22412 -7896 2206 -575 END
START -2692 -5688 21468 -8069 816 -1195 END
START -2872 -5456 20060 -7969 -369 -1926 END
START -2888 -5116 18532 -7894 -932 -2822 END
START -2916 -4592 17368 -7950 -695 -3680 END
START -2580 -4128 16284 -8267 -91 -4207 END
START -2424 -3848 15800 -8705 479 -4522 END
START -2724 -3644 15356 -8987 452 -4977 END
START -2904 -3680 14912 -8926 3 -5537 END
START -3108 -3496 13892 -8543 -906 -6139 END
START -3220 -3188 12556 -7725 -1608 -6770 END
START -3116 -2988 11812 -6894 -1759 -7274 END
START -2660 -2756 10912 -6409 -1807 -7918 END
START -1976 -2432 9928 -5837 -1166 -8295 END
START -1488 -2240 9620 -5295 -351 -8459 END
START -1212 -2056 9316 -4783 508 -8580 END
START -888 -1940 8852 -4181 1177 -8664 END
START -260 -1908 9368 -3606 1825 -8650 END
START 168 -1640 9492 -2920 1455 -8778 END
START 1072 -1384 8776 -1697 516 -8768 END
START 2020 -968 8404 -201 -319 -8444 END
START 2600 -1000 8476 1020 -611 -8059 END
START 3312 -1000 8684 1835 -361 -7646 END
START 4028 -1132 8772 2304 38 -7278 END
START 4756 -1136 8904 2817 434 -6858 END
START 5952 -1308 9104 3377 942 -6376 END
START 6764 -1244 9424 3974 1643 -5942 END
START 7468 -1108 10220 4682 1552 -5304 END
START 8088 -1428 11244 5598 998 -4402 END
START 8432 -1668 11940 6408 555 -3454 END
START 8880 -2088 12768 6968 443 -2583 END
START 9244 -2764 13956 7178 757 -1574 END
START 9376 -3056 15144 7065 621 -701 END
START 9820 -3644 15744 6961 535 190 END
START 9896 -3968 16996 6865 305 902 END
START 10268 -4312 17876 6575 -227 1492 END
START 10544 -3972 18084 6160 -666 2196 END
START 10948 -3724 18628 5701 -560 3353 END
START 10524 -3552 19756 5091 -881 4812 END
START 9864 -3908 19984 4742 -1449 6216 END
START 9244 -4284 19952 4619 -2004 7143 END
START 8688 -4156 20176 4260 -2177 7810 END
START 8428 -3968 20428 3586 -1793 8643 END
START 7276 -4136 21036 2620 -1173 9740 END
START 6120 -4540 20952 1694 -884 10635 END
START 4380 -4852 20980 934 -217 11137 END
START 2544 -5264 22104 -3 225 11392 END
START 36 -5624 22892 -962 -9 11289 END
START -2380 -6116 23108 -1750 -988 10577 END
START -4824 -6460 22232 -2261 -2756 9233 END
START -6072 -6680 21288 -2482 -4112 7451 END
START -6544 -6184 19132 -2468 -4911 5595 END
START -6396 -5504 17284 -2359 -4912 4268 END
START -6248 -5276 16060 -2342 -4433 3379 END
START -6732 -5140 15228 -2365 -4120 2340 END
START -6308 -4804 14280 -2168 -3781 1040 END
START -5296 -4372 14080 -1854 -3239 -94 END
START -4088 -3832 14184 -1809 -2629 -989 END
START -2444 -3332 13624 -1912 -2143 -1595 END
START -876 -2960 13368 -1806 -1024 -1967 END
START 540 -2400 13916 -1686 -328 -1985 END
START 1596 -2060 14208 -1530 -104 -1680 END
START 2340 -2040 14504 -1325 -33 -1265 END
START 2808 -2304 14632 -1254 254 -987 END
START 2808 -2708 15052 -1449 749 -840 END
START 2496 -3492 15376 -1739 1195 -989 END
START 2172 -3756 15616 -1863 1357 -1541 END
START 2200 -3712 15600 -1579 1017 -2097 END
START 2876 -3236 15040 -918 1015 -1993 END