START -980 -6064 14000 151 -411 1049 END
START -580 -7948 24212 -651 -1095 874 END
START 184 -7432 10824 502 -2162 1490 END
START 100 -7872 8480 1504 13 1530 END
START -8 -6980 7752 2648 1235 1237 END
START -92 -5636 9000 3363 2468 1070 END
START 136 -4720 10208 3629 2833 1325 END
START 292 -3872 11176 3433 2281 1897 END
START 348 -3364 11272 3149 1522 2748 END
START 344 -2928 10272 3143 962 3507 END
START -484 -2944 9472 3573 550 3900 END
START -1224 -3204 8256 4420 148 3869 END
START -1664 -3720 7428 5538 370 3531 END
START -1288 -3728 7956 6503 800 2956 END
START -608 -3348 8340 6989 987 2633 END
START -316 -2892 8672 7414 894 2678 END
START 232 -2692 9480 7924 436 2926 END
START 1008 -2212 10032 8535 78 3315 END
START 1528 -2272 10596 9144 3 4168 END
START 1780 -2072 11660 9688 664 5282 END
START 1288 -2440 13420 9970 1334 6463 END
START 224 -2844 15092 9901 1862 7565 END
START -1052 -3964 16316 9546 1617 8201 END
START -2152 -5484 16032 9248 1338 8252 END
START -2588 -7064 16372 9240 2062 7886 END
START -4168 -7880 18496 9134 2745 7058 END
START -4724 -8212 19692 8750 2573 5905 END
START -5084 -7908 20740 8222 2022 4819 END
START -4532 -7136 21348 7742 1680 4168 END
START -4028 -7140 22880 7149 1545 4190 END
START -4216 -7132 23600 6364 1272 4262 END
START -4584 -7256 23992 5438 1454 4302 END
START -5824 -7624 25080 4299 1765 4289 END
START -7128 -8676 26188 2976 1877 3898 END
START -8212 -9132 26464 1639 1249 2975 END
START -8692 -9708 25764 437 163 1603 END
START -8040 -9440 24884 -512 -301 286 END
START -7384 -8804 24088 -1315 -211 -638 END
START -7408 -8040 23468 -2052 -238 -1127 END
START -7484 -7656 23280 -2705 -831 -1596 END
START -7088 -7360 22288 -3362 -1944 -2114 END
START -6072 -7160 20116 -3810 -2434 -2739 END
START -4544 -6048 18428 -4271 -1545 -3271 END
START -3624 -4880 18600 -4989 -60 -3275 END
START -3164 -4292 18672 -5825 226 -2904 END
START -3352 -3952 17384 -6069 61 -2320 END
START -3820 -4388 16644 -5785 26 -1995 END
START -4060 -4860 16012 -5430 233 -2025 END
START -4240 -5036 16040 -5340 616 -2468 END
START -3944 -4912 15308 -5504 848 -2832 END
START -4064 -4608 14948 -5614 1507 -2953 END
START -4120 -4280 15476 -5825 1731 -2883 END
START -4140 -4672 15220 -6078 1316 -2755 END
START -4396 -4736 13960 -6023 795 -2828 END
START -5128 -5220 12988 -5608 625 -3087 END
START -5424 -5480 12376 -5074 806 -3649 END
START -5684 -5856 12656 -4796 828 -4620 END
START -5288 -6088 12588 -4681 739 -5594 END
START -4840 -6076 12316 -4571 631 -6341 END
START -4060 -5496 11384 -4168 550 -6910 END
START -3496 -5248 11272 -3707 751 -7012 END
START -3136 -5144 11572 -3334 826 -6975 END
START -2764 -4964 11872 -3007 543 -7199 END
START -2336 -4752 11820 -2584 322 -7500 END
START -1480 -4768 12176 -2158 116 -7742 END
START -572 -4420 12764 -1987 146 -7934 END
START 440 -3744 13072 -2104 -73 -7698 END
START 1312 -3212 12532 -2132 -442 -7023 END
START 2004 -2856 11640 -1820 -425 -5995 END
START 2756 -2904 11884 -1341 -430 -5086 END
START 3576 -2864 12200 -887 -922 -4349 END
START 4556 -2212 11380 -416 -1740 -3385 END
START 5716 -1924 10764 165 -2068 -1854 END
START 6528 -1956 10308 573 -998 3 END
START 6240 -2296 10880 733 66 1658 END
START 5284 -2432 11456 889 245 3012 END
START 4644 -3096 12112 1194 -138 4178 END
START 4068 -3848 12700 1717 -398 5226 END
START 3252 -4300 13064 2140 -688 5958 END
START 2944 -4596 13080 2440 -613 6540 END
START 2200 -5160 14120 2319 -380 7147 END
START 976 -5572 14780 2101 -330 7852 END
START -668 -6576 15724 1989 -221 8296 END
START -2220 -7536 16324 1883 -766 8143 END
START -3176 -8132 16332 1804 -1523 7493 END
START -3948 -8704 16228 1609 -1783 6451 END
START -4328 -8532 16740 1283 -1535 5348 END
START -4796 -8468 17360 670 -1326 4516 END
START -5256 -8212 17740 146 -1796 3852 END
START -5360 -7864 17392 -117 -2702 3343 END
START -4952 -7732 16132 -114 -3003 2865 END
START -4876 -7248 15836 -134 -2481 2248 END
START -4836 -6912 16140 -381 -1895 1727 END
START -5376 -6860 16596 -701 -1535 1661 END
START -6204 -7036 16780 -1130 -1601 1366 END
START -7044 -7196 16008 -1395 -1953 713 END
START -7448 -6956 15200 -1454 -2101 -206 END
START -7516 -6660 14624 -1379 -2346 -1258 END
START -7240 -6220 13820 -1204 -2473 -2302 END
START -6440 -5588 13092 -1058 -2556 -3020 END
START -5360 -4848 11980 -924 -2635 -3603 END
START -4332 -3968 11304 -677 -2213 -4037 END
START -3444 -2832 10556 -269 -2006 -4219 END
START -2440 -1788 9832 315 -1832 -3995 END
START -1660 -1004 9404 1119 -1854 -3540 END
START -1160 -1024 9188 2030 -1660 -2959 END
START -988 -1052 9440 2812 -1454 -2450 END
START -648 -1396 9404 3303 -1655 -2228 END
START 284 -1656 8336 3770 -1598 -1824 END
START 776 -1516 7576 4291 -340 -1186 END
START 392 -1748 7620 4894 1049 -488 END
START -480 -2220 8592 5596 1993 -32 END
START -1748 -2812 10320 6222 1911 8 END
START -2152 -3508 11564 6904 1084 -402 END
START -2360 -4112 12316 7524 303 -898 END
START -1784 -4740 12412 8044 -5 -1232 END
START -2220 -4984 13276 8379 622 -1459 END
START -2852 -5320 14656 8488 1380 -1684 END
START -3888 -5664 16952 8264 1839 -2040 END
START -4636 -6268 18936 7906 1125 -2676 END
START -4348 -6748 19756 7624 -293 -3564 END
START -3068 -6764 19960 7395 -1102 -4547 END
START -1664 -6244 20216 7133 -1336 -5189 END
START -616 -5476 20920 6592 -1122 -5240 END
START 704 -5152 21716 5889 -897 -4853 END
START 1456 -4860 22052 5051 -602 -4284 END
START 2240 -4780 22084 4375 -267 -3713 END
START 3144 -4392 22224 3699 145 -2987 END
START 3168 -4320 22404 2900 379 -2174 END
START 2812 -4364 22720 2122 57 -1517 END
START 2304 -4228 22780 1390 -565 -1010 END
START 1972 -4360 22232 856 -935 -594 END
START 1344 -4368 21876 323 -1076 -369 END
START 1472 -4460 21264 -237 -1282 -210 END
START 1692 -4432 19836 -699 -1057 30 END
START 1496 -4096 19076 -1098 -375 296 END
START 1164 -4136 18828 -1553 219 600 END
START 804 -4000 18776 -2074 226 813 END
START 356 -3668 18172 -2412 -162 1143 END
START -300 -3180 17344 -2552 -657 1428 END
START -464 -3404 16656 -2642 -835 1589 END
START -856 -3844 17068 -3067 -777 1464 END
START -1232 -3860 17820 -3915 -663 1053 END
START -1496 -3520 18476 -5441 -1077 522 END
START -1912 -2984 17776 -6744 -1660 55 END
START -2624 -3564 16956 -7342 -2037 -597 END