START -2108 -4468 11964 591 1355 3293 END
START -1912 -6160 24592 -189 881 3016 END
START -1780 -4820 11536 388 -1006 3111 END
START -1680 -4780 9028 1073 -485 2909 END
START -1736 -3856 7764 2635 -58 2956 END
START -1904 -4020 8520 3858 870 3045 END
START -2268 -4528 9756 4306 1154 2701 END
START -2080 -4512 9204 4506 797 2117 END
START -1868 -4036 8476 4824 1264 1526 END
START -1752 -3808 9320 5183 1466 934 END
START -1156 -3364 10220 5476 892 660 END
START -612 -3000 10232 5920 -23 639 END
START -44 -2468 9108 6566 -517 1105 END
START -28 -2376 8948 7334 -475 1562 END
START -172 -2440 9128 8007 56 1768 END
START -376 -2592 9380 8473 604 1795 END
START -464 -2480 9824 8797 906 1604 END
START -312 -2340 10424 9196 1023 1394 END
START 208 -2428 11956 9636 1247 1485 END
START 500 -2444 13164 9770 1113 1871 END
START 860 -2112 13360 9734 1080 2599 END
START 736 -2368 13696 9707 1882 3497 END
START -84 -2904 15164 9572 2546 4278 END
START -968 -4112 15912 9580 2435 4622 END
START -2320 -5608 16884 10053 2104 4524 END
START -3280 -6648 18736 10457 1620 3761 END
START -3360 -7208 20884 10294 1401 2638 END
START -3016 -6732 22636 9339 1123 1673 END
START -2272 -6200 24016 8017 843 1305 END
START -1652 -5704 24592 6771 1020 1641 END
START -1824 -6032 26040 5584 947 2134 END
START -2188 -6812 26428 4728 843 2349 END
START -2624 -7400 27180 4053 867 2277 END
START -3044 -7688 28852 2942 806 1859 END
START -2904 -7900 29752 1421 447 1341 END
START -2820 -7400 29740 -201 49 932 END
START -2656 -6688 29060 -1557 -487 921 END
START -2800 -6384 28244 -2761 -879 1393 END
START -3124 -6892 27532 -3963 -1299 1643 END
START -3788 -7096 26196 -5142 -1385 1304 END
START -3768 -7056 25064 -6233 -1246 540 END
START -3440 -6244 23580 -7089 -937 -44 END
START -3060 -5692 22292 -7731 -384 -346 END
START -2676 -5004 21676 -8470 -141 -462 END
START -2500 -4404 20292 -9232 -145 -371 END
START -2600 -4140 18532 -9482 -71 -310 END
START -2932 -4184 18336 -9450 -46 -382 END
START -3456 -4016 18076 -9522 -483 -738 END
START -3552 -3940 17020 -9837 -1071 -1165 END
START -3396 -3324 15132 -10141 -1188 -1588 END
START -2828 -2640 13528 -10283 -591 -1799 END
START -2544 -2392 13316 -10385 -50 -1741 END
START -2592 -2336 12472 -10182 -675 -1866 END
START -2520 -2456 11464 -9453 -1432 -2025 END
START -2312 -2388 10916 -8664 -2327 -2267 END
START -2132 -1976 8272 -7903 -2865 -2318 END
START -1436 -1732 6532 -6888 -2199 -2121 END
START -1484 -1956 6720 -6056 -1012 -1857 END
START -1736 -1808 6096 -5250 -663 -1691 END
START -2024 -1940 5456 -4313 -410 -1468 END
START -2236 -2272 5284 -3349 -205 -1507 END
START -2168 -2724 5296 -2465 -520 -1944 END
START -1956 -2728 4092 -1347 -821 -2404 END
START -1736 -2448 3192 187 -638 -2848 END
START -1212 -2356 3444 1710 -281 -3107 END
START -776 -2212 4184 2966 328 -3191 END
START -208 -1632 4968 3839 634 -3012 END
START 532 -1348 5456 4578 965 -2457 END
START 876 -1168 6028 5278 1453 -1581 END
START 776 -1552 7732 5931 2012 -871 END
START 400 -2096 9552 6564 1855 -384 END
START -44 -2756 10628 7166 1455 -33 END
START -488 -3332 11932 7791 1026 133 END
START -504 -3832 13084 8243 814 -30 END
START -520 -4248 14428 8548 986 -196 END
START -268 -4540 15900 8628 846 -28 END
START -428 -4852 17224 8640 660 296 END
START -832 -5428 18608 8499 369 346 END
START -768 -6072 19988 8225 29 372 END
START -1028 -6688 21160 7701 -351 398 END
START -1084 -7012 21412 7223 -699 220 END
START -880 -7224 22176 6620 -322 124 END
START -1284 -7240 23668 5689 234 68 END
START -1348 -7584 24608 4536 663 79 END
START -1724 -7888 24596 3489 772 157 END
START -2064 -8156 24904 2669 874 -30 END
START -1872 -8256 25576 1874 985 -260 END
START -2248 -8132 26352 1011 833 -407 END
START -2612 -7796 27004 44 272 -354 END
START -2892 -7640 26960 -1002 -239 -357 END
START -3160 -7672 26900 -2409 -471 -500 END
START -3288 -7264 25696 -3687 -317 -713 END
START -3348 -7336 24332 -4694 79 -939 END
START -3616 -7196 23648 -5640 335 -1301 END
START -3744 -6960 23260 -6611 170 -1898 END
START -3756 -6420 21888 -7325 -303 -2363 END
START -3160 -5948 20344 -7737 -774 -2740 END
START -2532 -5420 18516 -7881 -622 -3002 END
START -2216 -4820 17708 -8079 -112 -3018 END
START -2064 -4472 17136 -8330 -162 -2770 END
START -2104 -4400 15480 -8404 -339 -2546 END
START -2024 -4404 14460 -8259 -76 -2576 END
START -1860 -4308 13876 -8326 179 -2601 END
START -1820 -4016 12996 -8378 281 -2783 END
START -1180 -4132 12044 -8349 182 -2933 END
START -932 -4000 11312 -8057 55 -2954 END
START -596 -3908 10280 -7432 20 -3003 END
START -380 -3880 10276 -6754 224 -3011 END
START -40 -3632 10464 -6267 -209 -2951 END
START 256 -3216 9624 -5773 -1008 -2734 END
START 544 -3064 8544 -5170 -1558 -2502 END
START 1168 -2708 7332 -4378 -1540 -2321 END
START 1800 -2716 6328 -3561 -1164 -2045 END
START 2004 -2164 6000 -2678 -1078 -1784 END
START 2420 -2008 5172 -1751 -1183 -1248 END
START 2560 -1836 4516 -752 -893 -793 END
START 2948 -1460 4240 203 -582 -401 END
START 2964 -1272 3816 1227 -489 112 END
START 2996 -1236 3168 2476 -367 786 END
START 3016 -1220 3180 3685 61 1406 END
START 2576 -1636 4264 4571 901 1941 END
START 1872 -1800 5280 5297 1222 2377 END
START 992 -2060 6276 6087 1404 2819 END
START -28 -2500 7604 6686 1270 3159 END
START -1300 -2948 8588 7236 1011 3121 END
START -2248 -3492 9748 7771 518 2514 END
START -2260 -3872 10292 8316 -452 1504 END
START -1472 -3596 10120 9163 -1128 607 END
START -528 -3184 10064 10080 -920 317 END
START -300 -2456 11748 10632 -171 509 END
START -280 -2160 13496 10810 27 906 END
START -328 -2276 14756 10788 -593 1268 END
START 488 -2648 15160 10925 -1310 1578 END
START 932 -2776 15620 11185 -952 1848 END
START 664 -2988 17404 11199 -265 2089 END
START 436 -3188 19260 10846 174 2543 END
START -596 -4012 21452 10421 701 3200 END
START -1400 -5088 22672 9824 772 3664 END
START -2132 -5844 23792 9058 1089 3491 END
START -2496 -6496 24988 8138 1602 2891 END
START -2604 -6412 26764 7053 1925 2463 END
START -2920 -6196 27840 5822 1580 2607 END
START -3924 -6396 29108 4671 818 2659 END
START -4900 -6964 29364 3509 -810 2193 END
START -5036 -6904 27508 2437 -2758 1080 END
START -4148 -6328 25440 1546 -3191 -37 END
START -2868 -5556 23924 445 -2707 -599 END
START -1568 -4620 22836 -907 -1928 -776 END
START -1068 -3900 22040 -2130 -1448 -576 END
START -776 -3344 21328 -3049 -1717 -144 END
START -696 -3056 20492 -3676 -2029 366 END
START -900 -3120 19032 -4098 -2269 677 END
START -424 -2984 17476 -4179 -2154 880 END
START 248 -2952 16152 -3823 -1400 1220 END