START 7160 -2944 11796 -5152 183 9768 END
START 5184 -1420 8560 -5900 -630 9908 END
START 7404 -3388 8764 -5033 -1441 10728 END
START 6524 -3136 6836 -3762 226 11982 END
START 4648 -2748 7808 -2111 1479 12639 END
START 3196 -3152 9908 -1025 1341 13179 END
START 1460 -4224 10632 -376 -766 13456 END
START 192 -4500 9372 485 -2773 13083 END
START -1024 -5076 8024 1559 -2768 12348 END
START -1792 -5752 8756 2403 -2114 11184 END
START -2920 -5732 9556 2773 -1873 9836 END
START -3388 -5276 9748 2958 -2031 8647 END
START -3428 -5508 9480 2979 -1850 7791 END
START -3484 -5420 9568 3113 -988 6984 END
START -3432 -4964 10348 3210 -809 6153 END
START -3088 -4236 9900 3546 -1017 5725 END
START -3356 -4244 10268 4200 -1011 5696 END
START -3676 -4576 10400 4820 -779 5646 END
START -4508 -4916 11228 5102 -397 5150 END
START -5024 -5244 11836 5221 -323 4259 END
START -5492 -5424 11864 5539 -675 3294 END
START -5276 -5968 11704 6273 -568 2304 END
START -4624 -6176 12024 6889 -333 1341 END
START -4152 -6096 12588 7178 185 616 END
START -4492 -5704 12808 7439 895 189 END
START -4596 -6032 14360 7708 1690 -47 END
START -5032 -6160 15964 7665 2252 -534 END
START -4936 -6000 17004 7399 2124 -1357 END
START -4880 -5932 17464 7155 1811 -2264 END
START -4236 -5980 18300 7148 1355 -3189 END
START -3176 -6216 18968 7238 523 -3845 END
START -2656 -5976 18692 7327 38 -4200 END
START -2492 -5512 18812 7220 311 -4281 END
START -2616 -5780 19672 6688 1106 -4358 END
START -2884 -6032 20412 5848 1647 -4774 END
START -2536 -5760 20484 5153 2001 -5250 END
START -2096 -5436 20464 4632 2175 -5409 END
START -1652 -5236 20576 4147 2242 -5306 END
START -1712 -5864 20620 3701 2339 -5283 END
START -1896 -6592 21604 3154 2120 -5542 END
START -2128 -7516 21564 2696 1398 -6244 END
START -2356 -7584 20728 2647 1419 -7298 END
START -1652 -7224 21532 2235 1888 -8566 END
START -212 -6504 21704 1334 2174 -9183 END
START 1208 -5920 21720 271 2464 -9126 END
START 2236 -5692 22260 -727 2540 -8774 END
START 3000 -5532 22104 -1432 2185 -8336 END
START 3432 -5396 21932 -1831 1778 -7882 END
START 3664 -5228 22000 -2305 1540 -7521 END
START 4100 -5372 22196 -3044 1058 -7244 END
START 4600 -5052 21948 -3851 741 -7018 END
START 5228 -4516 21388 -4534 466 -6531 END
START 5504 -4508 21688 -5170 333 -5774 END
START 5572 -4784 21156 -5823 -77 -5076 END
START 5488 -4524 20092 -6431 -138 -4440 END
START 5128 -4692 19872 -7193 -67 -3928 END
START 4708 -4364 18640 -7815 -236 -3630 END
START 4884 -4624 17184 -8054 -96 -3166 END
START 4988 -4616 17000 -8197 263 -2768 END
START 5112 -4328 17000 -8432 -232 -2458 END
START 5864 -4068 16916 -8427 -740 -1915 END
START 5912 -3540 17108 -8296 -1957 -1159 END
START 6176 -2968 16076 -7905 -3679 -185 END
START 6620 -2764 14352 -7334 -4683 943 END
START 6688 -2356 13788 -7148 -4194 2009 END
START 6676 -2076 12272 -7270 -3225 3186 END
START 6676 -2400 11216 -7246 -2199 4116 END
START 6664 -2440 10484 -7030 -1029 4903 END
START 6528 -2100 10304 -6820 -343 5612 END
START 6324 -1748 9644 -6333 -298 6477 END
START 6080 -1608 9712 -5752 -582 7433 END
START 5608 -1288 8948 -5168 -1219 8325 END
START 4952 -1164 7164 -4111 -1310 9529 END
START 3780 -1744 6476 -2864 -716 10427 END
START 1916 -2356 7428 -1913 -195 10666 END
START 264 -2512 8188 -1211 -59 10474 END
START -860 -2728 9016 -668 -73 10381 END
START -2076 -2988 9760 -235 -243 10266 END
START -3348 -3720 10088 192 -615 9899 END
START -4496 -4368 10052 654 -1057 9296 END
START -5688 -4788 9592 1265 -1303 8553 END
START -6756 -4868 9928 1825 -1124 7689 END
START -7632 -5548 10748 2187 -1077 6809 END
START -8700 -6264 11000 2581 -1735 5652 END
START -8860 -6904 10044 3206 -2095 4260 END
START -8572 -6892 9636 3708 -1245 2709 END
START -7672 -6440 9888 3701 26 1526 END
START -7452 -5952 10320 3604 1060 885 END
START -7628 -5956 11748 3809 1388 445 END
START -7768 -6224 12648 4305 1085 -251 END
START -7264 -6636 12936 5094 498 -1316 END
START -6596 -6300 13216 5823 306 -2365 END
START -5760 -6132 13528 6012 680 -3262 END
START -5016 -5664 13916 5921 1427 -4126 END
START -4320 -5096 15280 5851 2268 -4729 END
START -3704 -4260 17068 5747 2246 -4947 END
START -3228 -4044 17660 5754 1620 -4806 END
START -2728 -4148 17488 5803 1253 -4666 END
START -2556 -4148 17484 5457 1274 -4622 END
START -2140 -4552 17364 4920 1417 -4842 END
START -2092 -4652 17648 4358 1544 -4939 END
START -2252 -5156 17148 4077 1245 -4832 END
START -2524 -5948 16868 4337 813 -5245 END
START -2288 -6072 16408 4760 437 -6182 END
START -1860 -5384 16388 4988 183 -6999 END
START -688 -4516 16288 4827 -6 -7676 END
START 932 -3716 16240 4503 138 -7929 END
START 2764 -3216 16348 4285 264 -7830 END
START 4156 -2864 16340 4210 -217 -7355 END
START 5208 -2368 15716 4581 -1200 -6775 END
START 6672 -1972 15348 5303 -2282 -6293 END
START 8540 -1016 15148 5895 -3017 -5644 END
START 10492 272 15160 5986 -2839 -4238 END
START 11516 836 15712 5378 -1826 -2122 END
START 11780 1356 15572 4616 -922 155 END
START 11448 -44 13656 4590 844 2207 END
START 10088 -892 15184 4411 1896 3809 END
START 8308 -1512 15908 4316 1933 5101 END
START 6092 -2372 15808 4684 1742 6322 END
START 3456 -3452 16596 5198 1899 7231 END
START 272 -4792 17868 5142 2386 7357 END
START -2008 -5492 18444 4605 2388 6649 END
START -3476 -5796 18948 3969 1909 5504 END
START -4416 -5896 19828 3537 982 4280 END
START -4896 -5836 20232 3302 -146 3265 END
START -4592 -5708 19732 3239 -1479 2418 END
START -4072 -5476 19432 3279 -1892 1677 END
START -3600 -4852 19480 2802 -1502 1022 END
START -2936 -4136 20332 1868 -791 472 END
START -2560 -3480 20516 998 -558 255 END
START -2564 -2928 20720 489 -906 173 END
START -2120 -2812 20892 324 -1396 28 END
START -1804 -2496 20668 32 -1838 -203 END
START -1200 -2256 20544 -552 -2039 -382 END
START -280 -1608 20508 -1541 -2052 -282 END
START -464 -1292 20700 -2512 -2194 65 END
START -512 -1180 20880 -3025 -3243 483 END
START 160 -1436 20024 -2761 -4442 1160 END
START -172 -1932 19856 -2229 -5050 1782 END