START 3960 -6408 13896 -2930 -804 2382 END
START 2764 -8688 27816 -4139 -1135 2211 END
START 6092 -8692 8380 -2806 -2510 2909 END
START 4828 -7456 9392 -1705 316 3105 END
START 4924 -6172 11872 -1381 1232 2740 END
START 6244 -5948 12820 -1740 1201 3515 END
START 6228 -5284 12236 -1835 860 4600 END
START 6244 -5024 11884 -1753 808 5355 END
START 6356 -5104 12048 -1547 1082 6147 END
START 5732 -4464 12164 -1321 1193 6751 END
START 5620 -4228 12624 -1215 855 7565 END
START 5480 -4348 12696 -1236 112 8460 END
START 4912 -3844 12188 -1101 -153 9427 END
START 4092 -4016 11760 -977 -335 10438 END
START 3628 -4468 11540 -888 -53 11278 END
START 2496 -4444 11552 -924 142 11814 END
START 1320 -4616 10796 -783 163 12102 END
START 156 -5208 10636 -259 -34 12110 END
START -792 -5400 10612 336 -380 11794 END
START -1508 -5764 10864 647 -1135 11442 END
START -1964 -5880 9960 1184 -1777 11052 END
START -2696 -5804 9604 2004 -1937 10679 END
START -3368 -6256 10300 2609 -1946 10399 END
START -4024 -6648 10480 3176 -1737 10030 END
START -4736 -6716 11312 3558 -1747 9381 END
START -5088 -7124 12176 3653 -2026 8548 END
START -4964 -6964 12104 3688 -2385 7622 END
START -4700 -6496 11892 3896 -1893 7074 END
START -4848 -6368 12740 4027 -1235 6824 END
START -5192 -6488 13572 3911 -994 6652 END
START -5140 -6804 13044 3981 -1135 6496 END
START -5516 -7464 12600 4461 -1157 6057 END
START -6076 -7620 12936 4953 -528 5266 END
START -6284 -7992 14172 5068 -98 4422 END
START -6564 -7884 15056 4996 122 3634 END
START -6744 -7852 15156 4931 -190 2861 END
START -6660 -7604 15568 4984 -433 2035 END
START -6088 -7652 15808 4998 -607 1337 END
START -5812 -7496 15972 4859 -501 944 END
START -5868 -7732 16560 4585 -477 560 END
START -5760 -8084 17020 4234 -340 32 END
START -6144 -8164 17472 3938 -307 -687 END
START -5948 -7836 17060 3823 -264 -1461 END
START -5380 -7724 17120 3627 -144 -2131 END
START -5088 -7264 17344 3302 54 -2639 END
START -4788 -6864 17080 2936 99 -3009 END
START -4376 -6768 17204 2715 78 -3154 END
START -4068 -6860 17656 2448 -131 -3382 END
START -3932 -6520 17176 2237 -420 -3635 END
START -3844 -6768 17012 2185 -447 -3757 END
START -3768 -7400 16896 2066 -137 -3873 END
START -3812 -7812 17080 1828 593 -4177 END
START -4320 -7900 17948 1553 955 -4544 END
START -4320 -8236 18148 1435 962 -4811 END
START -4320 -9148 18504 1376 1073 -5144 END
START -4376 -9412 19748 1014 1390 -5923 END
START -3840 -9440 20496 169 1278 -6676 END
START -3596 -9136 20464 -588 1325 -7049 END
START -2912 -8748 20408 -1272 1848 -7352 END
START -2320 -8772 21292 -2355 2306 -7577 END
START -1728 -8304 21620 -3587 2284 -7549 END
START -1240 -8108 20708 -4512 1805 -7675 END
START -548 -7468 19844 -4973 1502 -7874 END
START 260 -6808 19284 -5347 1384 -7833 END
START 1276 -5884 18492 -5860 1339 -7467 END
START 2148 -5132 17628 -6471 1156 -6926 END
START 2692 -4608 16820 -6878 980 -6194 END
START 3268 -3860 15560 -6922 347 -5451 END
START 3500 -3432 13852 -6598 -243 -4486 END
START 3440 -3316 12896 -6204 -358 -3544 END
START 3696 -3220 11008 -5948 -138 -2634 END
START 3888 -2948 9948 -5610 752 -1694 END
START 3560 -3188 9104 -5135 1379 -812 END
START 2872 -3260 8452 -4379 1256 -349 END
START 3156 -2988 7628 -3494 895 -66 END
START 3108 -2556 6812 -2648 642 391 END
START 3092 -1976 6212 -1812 678 1154 END
START 2488 -2012 5612 -815 1362 1954 END
START 1932 -2388 6280 145 2092 2614 END
START 1168 -2652 7088 798 2263 3026 END
START 708 -2932 7244 1421 1786 3120 END
START 660 -2984 7188 2363 1392 3182 END
START 284 -2816 7348 3504 1131 3343 END
START -104 -3200 7896 4549 910 3562 END
START -396 -3640 8948 5333 785 3708 END
START -888 -4000 9960 5834 567 3700 END
START -1208 -4280 11016 6193 36 3469 END
START -1028 -4616 11332 6625 -581 3141 END
START -740 -4864 11540 7219 -646 2895 END
START -192 -4684 12416 7631 -181 2857 END
START -12 -4720 13536 7682 98 3124 END
START 48 -4920 14472 7685 174 3341 END
START 76 -5136 15472 7861 -47 3525 END
START 248 -5320 16316 8008 -509 3646 END
START 740 -5316 17184 8011 -870 3682 END
START 1188 -5220 17252 7855 -1077 3884 END
START 1924 -4816 17500 7574 -720 4357 END
START 2024 -4580 17948 7091 -21 5064 END
START 2004 -4476 18840 6560 433 5965 END
START 1900 -4836 19960 5867 463 6972 END
START 1380 -5460 20528 5314 154 7772 END
START 736 -5844 20796 4974 -617 8051 END
START 324 -6208 20528 4714 -943 8222 END
START 44 -5916 20632 4233 -1000 8396 END
START -344 -5660 20828 3522 -732 8772 END
START -1116 -5712 21036 2823 -237 9218 END
START -2076 -6064 22140 2211 -274 9485 END
START -3360 -6576 22776 1476 -1057 9513 END
START -4552 -7116 22208 721 -2080 8943 END
START -5080 -7420 21320 117 -2453 7876 END
START -5304 -6852 21188 -604 -2312 6897 END
START -5412 -6240 21028 -1457 -2305 6443 END
START -5680 -6304 20940 -2239 -2355 6171 END
START -6596 -6568 21040 -2984 -2591 5635 END
START -6848 -6748 20712 -3547 -3147 4764 END
START -7224 -6440 19804 -3776 -4170 3699 END
START -7412 -6456 18848 -3508 -4586 2709 END
START -7776 -6248 19016 -3497 -4308 1565 END
START -8044 -5784 18804 -4209 -3893 415 END
START -7980 -5420 17980 -5083 -3193 -469 END
START -8036 -5376 17220 -5793 -2286 -1577 END
START -7284 -4904 16892 -6292 -1544 -2607 END
START -6648 -4268 16488 -6617 -1179 -3095 END
START -6276 -4180 15284 -6459 -1485 -3262 END
START -6672 -4312 14624 -6044 -1205 -3418 END
START -7340 -4668 14268 -5710 -1423 -4100 END
START -7640 -4924 13292 -5293 -1591 -5133 END
START -7516 -4500 12420 -4829 -1132 -6218 END
START -6564 -4192 11844 -4373 -132 -6986 END
START -6328 -3700 12508 -4323 997 -7437 END
START -6132 -3648 11972 -4109 1384 -7794 END
START -6288 -3980 12652 -3594 2111 -8136 END
START -6908 -4192 13884 -3276 1903 -8723 END
START -6428 -4384 13536 -3032 982 -9540 END
START -5968 -4636 13020 -2510 565 -10219 END
START -5092 -4832 13460 -2138 545 -10916 END
START -4676 -4980 13968 -2121 222 -11679 END
START -3572 -5004 13168 -1925 -99 -12515 END
START -2016 -4768 12916 -1545 -280 -13302 END
START -40 -4300 12900 -1277 -6 -13806 END
START 1896 -3676 12920 -1146 444 -13801 END
START 4316 -3028 13124 -1125 515 -13236 END
START 6424 -2384 13184 -1052 302 -12200 END
START 8096 -1552 13188 -606 144 -10756 END
START 9888 -1312 13764 -343 313 -8848 END
START 10672 -948 14400 -265 42 -6671 END
START 10724 -1092 13576 164 -408 -4300 END
START 9752 -2496 12848 648 193 -2179 END
START 8732 -3828 13864 360 1639 -1298 END
START 7460 -4568 15140 -502 2614 -970 END
START 6256 -4656 15836 -952 2595 -236 END
START 4852 -5228 16584 -813 1748 710 END
START 3888 -5856 16568 -677 384 1260 END
START 3320 -6256 15948 -698 -450 1645 END
START 2436 -6160 14728 -638 -747 1907 END
START 1564 -6476 13668 -434 -380 2058 END
START 680 -6912 14152 -515 419 2048 END
START 8 -7360 14612 -1009 917 1735 END
START -560 -7404 14748 -1281 784 1395 END
START -880 -7220 14996 -1086 70 1070 END
START -936 -7172 15064 -735 -840 856 END
START -1060 -6868 15072 -553 -1541 671 END
START -1080 -6680 15540 -708 -1649 485 END
START -760 -6332 17108 -1762 -1778 506 END
START -608 -6036 17156 -3067 -1915 590 END
START 124 -6704 17244 -4088 -2113 500 END
START 892 -7020 16900 -4400 -2626 318 END