START 16 -2808 12704 1197 2893 1661 END
START -164 -3596 23496 459 2277 1582 END
START -28 -2684 11960 780 976 2026 END
START 464 -2404 11056 1068 1171 2435 END
START -196 -2376 10340 1952 559 2843 END
START -1148 -3060 10644 2708 87 2827 END
START -1448 -3572 10332 3201 -58 2270 END
START -868 -3108 9540 3518 153 1464 END
START 360 -2848 8988 3843 888 1327 END
START 344 -2272 9488 4304 2048 1661 END
START -108 -1996 9956 4799 2203 1971 END
START -812 -2276 10712 5071 1796 2104 END
START -1260 -2296 11460 5589 450 2004 END
START -756 -2136 11228 6265 -1040 2165 END
START 40 -2564 10856 6860 -1271 2538 END
START 316 -2544 10888 6989 -334 2805 END
START 144 -2660 11068 6782 1400 3098 END
START -216 -2880 12428 6465 2809 3255 END
START -1140 -2756 14168 6375 3216 3296 END
START -1772 -2620 15500 6716 1681 3223 END
START -1680 -3644 15840 7419 -344 3151 END
START -728 -4076 14996 8092 -1238 3133 END
START -588 -3556 15176 8315 -810 3225 END
START -1164 -3728 15800 8144 98 3764 END
START -2068 -4228 16764 7886 1023 4118 END
START -2960 -4952 17880 7543 1484 3820 END
START -3692 -5512 19272 7349 1198 3119 END
START -3584 -5700 19452 7266 -49 2155 END
START -2340 -5576 18976 7091 -462 1297 END
START -1484 -4536 18848 6687 258 756 END
START -676 -3708 20276 5946 1714 912 END
START -864 -3424 22480 5066 2325 1787 END
START -1556 -4132 23944 4213 1730 2460 END
START -2228 -5192 24880 3561 533 2616 END
START -2028 -5744 25044 3004 -138 2454 END
START -1960 -5604 25972 2204 -296 2224 END
START -2220 -5564 26380 975 -251 2287 END
START -2832 -5900 26716 -360 183 2444 END
START -3000 -6608 26944 -1769 527 2411 END
START -3552 -6612 26224 -3108 606 2191 END
START -3616 -6392 25632 -4055 160 2032 END
START -3676 -6532 25272 -4983 -371 1990 END
START -3968 -6632 24172 -5903 -946 1632 END
START -4116 -6544 22752 -6675 -1016 881 END
START -3800 -6188 21304 -7291 -873 199 END
START -3176 -5700 19984 -7773 -367 -288 END
START -2916 -4860 18896 -8111 169 -445 END
START -2900 -4536 18572 -8302 384 -428 END
START -3116 -4316 17968 -8467 229 -359 END
START -3252 -4420 17496 -8683 58 -429 END
START -3628 -4444 16792 -8857 -392 -744 END
START -3620 -4428 15456 -8792 -346 -1341 END
START -3712 -3748 14484 -8682 76 -1924 END
START -3732 -3268 14292 -8658 208 -2241 END
START -4080 -3360 14176 -8659 232 -2405 END
START -4752 -3564 13564 -8723 -119 -2952 END
START -4752 -3320 12768 -8481 -595 -3883 END
START -4556 -2904 12224 -7989 -935 -4631 END
START -4088 -2216 12428 -7408 -1389 -5118 END
START -4392 -2200 13196 -7094 -2206 -5213 END
START -4616 -2516 11996 -6898 -3267 -5448 END
START -4880 -3144 11212 -6620 -3116 -6168 END
START -4868 -3136 10360 -6451 -2861 -7115 END
START -4672 -3048 10216 -6197 -2753 -7789 END
START -4252 -3060 9344 -5813 -3263 -8148 END
START -3968 -3472 7924 -4981 -3439 -8449 END
START -3492 -4168 7788 -4117 -3248 -8941 END
START -2476 -4336 7288 -3263 -3383 -9615 END
START -1732 -4192 6772 -2150 -3332 -10051 END
START -844 -3908 6732 -767 -3371 -10277 END
START 300 -3624 7092 450 -2943 -10167 END
START 1572 -3492 7704 1248 -2405 -9812 END
START 2676 -3536 8444 1783 -1580 -9270 END
START 3164 -3416 9552 2189 -950 -8837 END
START 3612 -3220 9964 2833 -978 -8488 END
START 4412 -3392 10348 3620 -868 -7962 END
START 5436 -3340 10596 4181 -904 -7144 END
START 6596 -3256 11020 4431 -315 -6172 END
START 7228 -2992 11736 4480 680 -4843 END
START 7188 -3380 12948 4465 1046 -3516 END
START 7272 -3988 13724 4600 763 -2451 END
START 6992 -4304 13832 4991 531 -1516 END
START 6824 -5040 14380 5271 519 -797 END
START 6852 -5308 14240 5287 866 -135 END
START 7020 -5652 14560 5245 1563 328 END
START 7012 -5584 15916 5065 1683 756 END
START 7244 -5336 16732 4927 1280 1402 END
START 7488 -5124 17048 4815 743 2272 END
START 7852 -4848 16772 4742 481 3320 END
START 7404 -4620 16676 4591 470 4576 END
START 7300 -4628 16916 4485 980 5731 END
START 6280 -4768 18248 4303 1239 6876 END
START 5256 -4976 19540 4128 879 7829 END
START 3804 -5248 20432 3781 212 8323 END
START 2972 -5632 20464 3247 -541 8602 END
START 2268 -5600 20668 2550 -632 8889 END
START 1676 -5724 20620 1685 -705 9122 END
START 944 -6032 20656 989 -1193 9179 END
START 368 -6212 19932 565 -1679 8999 END
START 60 -6100 19296 321 -1697 8743 END
START 56 -5820 19176 173 -1325 8636 END
START -536 -5476 19436 -140 -1058 8600 END
START -1312 -5748 19960 -780 -1079 8457 END
START -1860 -5836 19100 -1409 -1572 7930 END
START -2020 -5960 18036 -1600 -1461 7243 END
START -2192 -5576 18172 -1741 -664 6730 END
START -2932 -5416 19168 -2236 -667 6335 END
START -3564 -5320 18756 -2776 -951 6034 END
START -4524 -5740 17784 -3161 -1403 5514 END
START -5356 -6308 17088 -3364 -1044 4512 END
START -6332 -7000 17136 -3655 -673 2929 END
START -6560 -6824 16572 -3983 -747 1145 END
START -6212 -6244 16152 -4196 -1243 -414 END
START -5288 -5388 15040 -4248 -1902 -1395 END
START -4184 -4576 13108 -3899 -2504 -2070 END
START -3204 -4152 11864 -3203 -2289 -2444 END
START -2484 -3704 11488 -2632 -1901 -2863 END
START -1940 -2936 10788 -2316 -1444 -3178 END
START -1072 -2380 9908 -1876 -888 -3186 END
START -624 -2128 9412 -1213 -148 -2903 END
START -592 -2384 9240 -473 491 -2674 END
START -788 -2376 9636 193 577 -2643 END
START -416 -2224 9400 882 538 -2658 END
START 0 -2100 9380 1709 532 -2626 END
START 520 -1948 9796 2444 515 -2464 END
START 936 -1764 10732 3067 630 -2208 END
START 936 -1832 11404 3536 236 -2029 END
START 1160 -1892 11496 3981 7 -1922 END
START 1236 -1904 11344 4419 319 -1716 END
START 1348 -1948 12124 4743 1086 -1300 END
START 1076 -2028 13140 4729 1394 -994 END
START 684 -2328 13512 4783 1269 -875 END
START 432 -2596 13348 5023 1039 -841 END
START 84 -2940 13508 5421 837 -1028 END
START 104 -3556 13712 5809 879 -1255 END
START 232 -3576 14288 5999 1079 -1376 END
START 156 -3516 14528 6043 1101 -1433 END
START 24 -3416 15048 6177 1094 -1351 END
START -608 -3872 15212 6343 1084 -1357 END
START -992 -4572 15784 6523 1290 -1640 END
START -1752 -5156 16960 6389 1424 -2263 END
START -1956 -5328 17572 6232 1274 -3151 END
START -1756 -5184 18068 6176 1288 -3933 END
START -936 -4904 19664 5963 968 -4473 END
START 4 -4516 20448 5549 407 -4522 END
START 420 -4308 21288 5055 -229 -4320 END
START 356 -4512 21388 4421 -744 -4224 END
START 456 -4980 20908 3857 -500 -4571 END
START 424 -5144 20856 3188 442 -5190 END
START 128 -5208 22476 2143 908 -6043 END
START 616 -4932 22248 1046 211 -6805 END
START 1996 -3912 20912 576 -300 -6978 END
START 3100 -3064 20632 330 -945 -6321 END
START 3680 -2672 20452 75 -1558 -5231 END
START 3836 -2516 18724 0 -1635 -4171 END
START 3288 -2916 18896 -43 -992 -3445 END
START 3020 -2876 19384 -410 -697 -3192 END
START 2944 -2456 19312 -851 -811 -3171 END
START 3416 -2072 19056 -1079 -1292 -3019 END
START 3960 -1156 18228 -1204 -1513 -2626 END
START 4176 -956 18224 -1515 -1319 -1907 END
START 4496 -824 16920 -1961 -1200 -876 END
START 4584 -984 15104 -2043 -479 319 END
START 3944 -1408 15328 -1950 884 1111 END
START 3044 -1752 16300 -2036 784 1454 END
START 2688 -1684 15776 -1862 34 1562 END
START 2320 -1636 15192 -1462 -329 1763 END
START 1760 -1908 15308 -1119 -171 1865 END
START 1464 -1940 16016 -1179 78 1838 END
START 1332 -2084 16484 -1691 162 1888 END
START 932 -2048 16764 -2360 19 1952 END
START 548 -2076 17204 -3084 -337 1835 END
START 432 -2524 16488 -3784 -984 1643 END
START 24 -2568 15360 -3848 -1319 1342 END
START -24 -2792 15216 -3279 -1574 712 END