START 2276 -3008 6628 4682 2016 1716 END
START 116 -1404 2360 3835 492 1582 END
START 2720 -1860 7872 4568 699 2375 END
START 3464 -2856 5728 5224 1209 3106 END
START 3052 -1836 5328 6376 1990 3773 END
START 2248 -1368 6280 7276 2032 4199 END
START 1924 -940 6900 7912 1618 4534 END
START 1456 -1012 6684 8634 819 4753 END
START 1316 -932 5548 9621 650 5022 END
START 1308 -1192 5792 10537 1273 5332 END
START 1124 -1844 6072 11164 2315 5688 END
START 800 -1892 7196 11734 3671 5919 END
START 48 -1988 8924 12272 4143 5925 END
START -108 -2176 10872 12901 3759 6025 END
START -212 -2144 12312 13787 2531 6154 END
START -188 -2288 12952 14592 1495 6507 END
START -552 -2760 15116 15164 1383 6899 END
START -1264 -3272 17524 14959 1342 7181 END
START -2008 -3988 19244 14118 1421 7369 END
START -2448 -5504 20480 13055 1314 7297 END
START -2868 -6448 21704 12128 1806 6804 END
START -3464 -7512 23108 11250 1988 6043 END
START -3636 -8056 23868 10293 2149 5333 END
START -3580 -8220 25296 9042 2800 4698 END
START -3664 -8208 27456 7470 3239 4199 END
START -3968 -8160 28504 5937 3129 3931 END
START -4344 -8172 28916 4503 2169 3751 END
START -4460 -8908 29224 3058 1610 3516 END
START -4984 -9244 29608 1485 1374 2820 END
START -4988 -8928 29584 -83 1131 2044 END
START -4520 -8524 29124 -1746 733 1579 END
START -4324 -8108 29012 -3380 247 1273 END
START -4284 -7860 27212 -4694 -223 1182 END
START -4184 -7440 26420 -5726 -174 999 END
START -4004 -7432 25548 -6820 -458 716 END
START -3772 -6776 23604 -7762 -532 390 END
START -3528 -6456 22496 -8491 -74 56 END
START -3692 -6084 22072 -9169 -1 -352 END
START -3548 -5708 20980 -9652 -360 -827 END
START -3168 -4988 19896 -9823 -897 -1206 END
START -2832 -4316 18956 -10068 -1522 -1368 END
START -2768 -4096 17496 -10164 -1362 -1481 END
START -2824 -3664 17028 -10478 -999 -1777 END
START -3260 -3552 16132 -10966 -955 -1951 END
START -3924 -3408 15372 -11383 -765 -2223 END
START -4676 -3172 13864 -11810 -1003 -2763 END
START -5512 -3580 11760 -11771 -878 -3508 END
START -6292 -3968 10400 -11539 -428 -4658 END
START -6848 -3556 9364 -11338 357 -5980 END
START -7452 -3572 8832 -11113 572 -7050 END
START -7788 -3972 7920 -10528 -121 -8361 END
START -7784 -3792 6628 -9269 -960 -9883 END
START -7360 -3628 5636 -7707 -1311 -11302 END
START -7120 -3296 6636 -6538 -1496 -12657 END
START -6080 -2472 6220 -5646 -2337 -13579 END
START -5088 -2024 5632 -4585 -2993 -14154 END
START -3384 -1724 4856 -3457 -3084 -14419 END
START -2660 -1636 4388 -2563 -1443 -14355 END
START -2008 -2488 4448 -2186 975 -14165 END
START -1368 -3376 5488 -2411 3100 -14257 END
START -148 -3784 6772 -2524 3175 -15152 END
START 1776 -3376 5552 -778 1839 -15854 END
START 3696 -2696 5632 2415 -511 -15367 END
START 4900 -2600 6536 6053 -2292 -14175 END
START 6772 -2632 8136 8727 -3669 -12824 END
START 8504 -2996 9996 9705 -4461 -11347 END
START 10564 -3040 10992 9136 -4315 -9723 END
START 12704 -3108 11608 8394 -287 -7426 END
START 14376 -2688 12876 7706 1736 -4690 END
START 15436 -2312 14328 7016 2829 -1165 END
START 15076 -2440 15176 6988 3028 2744 END
START 13988 -3176 16452 7668 2566 6055 END
START 12180 -4452 17932 8308 1603 8566 END
START 10576 -5380 19076 8474 1086 10039 END
START 9844 -5760 19312 7966 924 11052 END
START 8432 -5584 19828 7230 1542 11864 END
START 7460 -5540 20636 6562 2065 12960 END
START 5824 -5516 21560 5873 1616 14379 END
START 4164 -5772 21588 5103 793 15647 END
START 2336 -6388 21104 4351 644 16559 END
START -840 -7616 21412 3351 1248 16579 END
START -3636 -8752 21124 2266 1365 15502 END
START -6384 -9684 20680 1415 697 13483 END
START -8132 -10244 20632 805 34 11147 END
START -9328 -10288 20692 -48 -325 8794 END
START -10216 -9824 19564 -914 -698 6468 END
START -10672 -9704 18996 -1632 -705 4296 END
START -11032 -9496 19004 -2290 -784 2177 END
START -11976 -9168 19024 -2880 -981 -174 END
START -12248 -8924 18264 -3238 -2244 -2524 END
START -11988 -8400 16080 -3347 -3282 -5138 END
START -10896 -7488 15720 -3595 -2714 -7649 END
START -9640 -6228 15216 -4240 -2079 -9561 END
START -8632 -5364 14596 -4646 -1767 -10838 END
START -7372 -4828 13136 -4582 -1492 -11953 END
START -6024 -3896 12544 -4028 -835 -12856 END
START -4960 -3080 12432 -3542 -783 -13375 END
START -4080 -2492 11824 -2813 -1094 -13504 END
START -3684 -2392 11780 -2225 -1484 -13676 END
START -2936 -2184 10496 -1870 -1356 -13904 END
START -1500 -2312 9516 -1426 -557 -14297 END
START -80 -2308 8760 -888 637 -14449 END
START 1200 -1980 8500 -349 2221 -14434 END
START 2528 -1228 9388 6 3453 -14307 END
START 3728 -384 10248 528 2730 -13979 END
START 5720 204 9392 2013 844 -13048 END
START 7536 448 8524 4095 -1313 -11642 END
START 9184 776 8864 5799 -1746 -9932 END
START 11188 768 9300 6434 -1229 -8087 END
START 12604 664 9596 6772 1134 -6104 END
START 13660 536 11100 6827 2319 -4208 END
START 14028 256 12784 6957 2295 -2459 END
START 13872 -208 14152 7562 1688 -661 END
START 13708 -596 15580 8148 678 982 END
START 13692 -1708 16676 8241 175 2523 END
START 12784 -2684 18124 7924 -147 3907 END
START 11804 -3576 18996 7398 -625 4772 END
START 11156 -4044 19788 6957 -1442 5482 END
START 10216 -4408 20432 6814 -2351 6167 END
START 9760 -4180 20436 6462 -3138 6681 END
START 9812 -3556 20248 5617 -2912 7315 END
START 9620 -2980 20340 4377 -2419 8335 END
START 8920 -2532 20356 3370 -1804 9638 END
START 7316 -2568 21288 2685 -1485 11061 END
START 4784 -3376 21668 2160 -2238 12004 END
START 2444 -4076 20908 1897 -3575 12125 END
START 1024 -4732 19784 1721 -3516 11626 END
START -492 -5160 19748 1163 -2506 10975 END
START -2032 -4980 19892 460 -1251 10214 END
START -3504 -5172 19668 23 -1287 9483 END
START -4584 -5356 19140 -137 -2001 8595 END
START -5128 -5656 18384 -422 -2085 7470 END
START -5340 -5264 17272 -837 -1759 6191 END
START -5016 -4848 16688 -1304 -1258 5104 END
START -4600 -4548 16356 -1455 -1135 4146 END
START -4264 -4244 16264 -1232 -1308 3436 END
START -4184 -4088 16448 -814 -1951 2947 END
START -3696 -4228 17040 -644 -2391 2461 END
START -2984 -3416 16920 -902 -2616 1896 END
START -1680 -2492 16928 -1484 -2620 1820 END
START -640 -2172 16788 -2018 -2234 2340 END
START -192 -1912 17000 -2321 -1476 2887 END