START -3612 -5152 12960 3212 1518 3424 END
START -6508 -2688 4924 2461 1851 3168 END
START -4468 -6148 13060 3686 -121 2809 END
START -6124 -6768 13052 4450 154 1591 END
START -6240 -6688 13176 5375 351 -209 END
START -6236 -6788 14276 5956 616 -1725 END
START -6200 -6488 15140 5987 750 -2755 END
START -6560 -6576 15268 5775 945 -3538 END
START -7028 -7432 16964 5451 1237 -4531 END
START -7112 -7904 19256 4778 892 -5818 END
START -7472 -7824 20164 4123 -1011 -6888 END
START -6912 -8156 19420 3850 -2740 -7869 END
START -5888 -8476 19792 3571 -2928 -9021 END
START -4180 -8268 20320 2594 -1802 -10105 END
START -2776 -7204 20804 1029 -288 -10731 END
START -1424 -6740 21840 -563 910 -10734 END
START -380 -6524 22068 -2096 2197 -10475 END
START 388 -6592 22896 -3652 3529 -10250 END
START 964 -6896 24136 -5111 3538 -10390 END
START 2256 -5904 24160 -6214 2882 -10676 END
START 3972 -4860 24088 -7142 2075 -10204 END
START 5008 -3808 23348 -8183 2055 -8997 END
START 5776 -3892 22992 -9403 2661 -7557 END
START 5712 -4004 22736 -10801 3373 -6406 END
START 5744 -3900 22104 -12296 3444 -5636 END
START 5980 -3412 21116 -13557 2650 -4901 END
START 6548 -3248 19428 -13934 1178 -3994 END
START 6636 -2532 17260 -13447 -306 -2702 END
START 6864 -2664 15592 -12627 -1550 -1208 END
START 6792 -2548 14864 -12154 -2153 307 END
START 6504 -2232 13292 -11834 -3185 1678 END
START 6172 -2276 11904 -11225 -3906 3063 END
START 5708 -2440 10216 -10671 -4374 4301 END
START 5396 -2492 8180 -9989 -4146 5184 END
START 5316 -2388 7004 -9279 -3072 5831 END
START 4836 -2116 6108 -8679 -2182 6535 END
START 4344 -2116 4096 -7537 -1529 7376 END
START 4268 -2872 4260 -6126 -814 7958 END
START 3848 -2720 4792 -5061 -967 8443 END
START 3156 -2156 3784 -3780 -1450 9259 END
START 2608 -1972 3316 -2129 -1651 10379 END
START 1344 -2384 4384 -636 -1877 11219 END
START 216 -2596 4172 641 -2184 11557 END
START -852 -3012 4428 1818 -2536 11444 END
START -1752 -3700 4364 3140 -2834 11148 END
START -2448 -4244 4132 4611 -2241 10820 END
START -3164 -4968 5264 5823 -1362 10319 END
START -3608 -5432 6868 6666 -842 9553 END
START -3984 -5608 7948 7235 -949 8840 END
START -3952 -5620 8032 7838 -1343 8178 END
START -3888 -5556 8228 8409 -907 7602 END
START -4228 -5276 9196 8781 -163 7244 END
START -4452 -5320 10224 9089 328 6967 END
START -4976 -5924 11708 9450 711 6632 END
START -5544 -6200 13008 9936 331 6062 END
START -5832 -6172 14220 10270 -221 5344 END
START -5684 -6548 15028 10392 -682 4574 END
START -5424 -6424 15800 10326 -683 3747 END
START -5384 -6372 16540 10207 -410 2936 END
START -5208 -6020 16956 10212 206 2361 END
START -5264 -5832 18500 10160 665 2184 END
START -5384 -6368 19900 9844 360 2049 END
START -5400 -6596 20416 9428 -332 1773 END
START -5472 -6948 19924 9066 -607 1460 END
START -5680 -6956 19948 8669 -207 1158 END
START -6420 -7464 20744 8063 692 823 END
START -7248 -8096 21396 7057 1813 217 END
START -8128 -8752 22100 5918 1853 -778 END
START -8428 -8912 21372 5180 1499 -1888 END
START -7848 -9404 21172 4936 1524 -3067 END
START -7532 -9472 21996 4523 1345 -4279 END
START -7416 -8600 22112 3974 786 -5500 END
START -6096 -8316 22312 3420 371 -6474 END
START -5216 -7548 22116 2581 222 -7109 END
START -4180 -6436 20972 1693 605 -7682 END
START -2652 -5884 21076 862 1108 -7771 END
START -1548 -5696 21160 -184 1254 -7713 END
START -232 -5216 20544 -1094 1039 -7679 END
START 700 -4912 20108 -1770 1160 -7432 END
START 1712 -4656 19856 -2301 1648 -6883 END
START 2268 -4180 20256 -3116 2296 -6346 END
START 2828 -3680 20572 -4149 2305 -5703 END
START 3364 -3276 20636 -5074 1815 -4835 END
START 3752 -2664 20244 -5720 672 -3846 END
START 4068 -2308 18436 -5888 -336 -2619 END
START 4412 -2424 17324 -5733 -660 -1407 END
START 4212 -2536 17252 -5935 -838 -419 END
START 4096 -2392 15828 -6164 -1231 526 END
START 4140 -2412 14228 -6076 -1255 1452 END
START 3948 -2216 13304 -5875 -832 2238 END
START 4088 -2112 13048 -5676 -804 2969 END
START 4160 -1444 12328 -5339 -1474 3937 END
START 3888 -1244 11204 -4639 -2046 5162 END
START 2944 -1512 10092 -3837 -2200 6305 END
START 1924 -2128 9700 -2906 -1692 7001 END
START 996 -2388 10072 -2310 -1410 7279 END
START 160 -2768 9744 -1884 -1394 7509 END
START -840 -2812 9056 -1104 -1003 7731 END
START -1760 -3512 10012 -372 -345 7802 END
START -3176 -4096 11116 41 -115 7635 END
START -4436 -4840 11512 452 -401 7198 END
START -5392 -5404 12160 955 -689 6415 END
START -6164 -5844 13380 1344 -903 5450 END
START -6572 -6304 14644 1439 -1051 4372 END
START -6744 -6312 14740 1278 -1910 3300 END
START -6756 -6280 14068 1380 -1833 2517 END
START -6716 -6408 14800 1550 -925 1778 END
START -6572 -6656 15908 1255 -496 1144 END
START -6448 -6772 16476 911 -505 357 END
START -5984 -6908 16292 836 -833 -322 END
START -5564 -6836 16180 1037 -789 -996 END
START -4932 -6456 16612 1148 -537 -1502 END
START -4596 -6028 17424 876 -485 -1576 END
START -4596 -5836 17396 623 -783 -1480 END
START -4900 -6144 17232 578 -811 -1480 END
START -5024 -6504 17564 607 -375 -1588 END
START -5568 -6640 18284 204 32 -1815 END
START -6272 -6980 18484 -342 265 -2037 END
START -7088 -7732 18832 -869 632 -2333 END
START -8088 -8500 19180 -1417 808 -2983 END
START -9236 -9412 19296 -1958 782 -4096 END
START -10164 -10356 18948 -2467 548 -5740 END
START -10292 -10308 18512 -2809 456 -7919 END
START -9932 -9584 19112 -3233 -1 -10042 END
START -8884 -8648 18732 -3599 -974 -11824 END
START -7292 -7576 17692 -3810 -2033 -13237 END
START -4760 -6016 16416 -3999 -2429 -14269 END
START -2444 -4828 16228 -4443 -2640 -14970 END
START 460 -3220 15008 -4701 -2924 -15263 END
START 3788 -1760 12992 -4642 -2999 -14746 END
START 6784 4 12572 -4555 -1798 -13380 END
START 9172 872 11816 -4394 -903 -11321 END
START 10576 1392 11716 -3873 -613 -8632 END
START 10628 1368 11100 -3130 -1053 -5498 END
START 10072 432 9912 -2212 -1282 -2634 END
START 8876 -620 9836 -1426 -341 -509 END
START 7196 -1944 10592 -1124 177 689 END
START 5928 -2948 10440 -947 552 1291 END
START 5652 -3580 10740 -786 886 1607 END
START 5104 -3440 11316 -717 1095 2042 END
START 4208 -3564 11960 -420 978 2697 END
START 2928 -4124 12136 161 707 3429 END
START 1480 -4860 13264 659 145 3800 END
START 244 -5776 14556 794 -559 3697 END
START -892 -6508 15952 565 -1220 3316 END
START -1340 -7256 16244 248 -2439 2846 END
START -996 -7724 16228 117 -2985 2555 END
START -1176 -7596 16368 299 -2916 2574 END