START -1744 -6952 10688 -747 149 2642 END
START -4952 -3432 732 -1822 367 2045 END
START -1256 -7432 8756 -675 -375 1828 END
START -1080 -6788 7928 132 3134 604 END
START -800 -4792 9936 811 3547 -301 END
START 484 -3620 10212 1386 2125 42 END
START 1500 -2632 8968 2440 1004 1343 END
START 1192 -2920 8732 3535 38 2616 END
START 1248 -3532 8772 4091 152 3197 END
START 932 -3888 8336 4392 498 3318 END
START 748 -4128 8148 4667 1333 3219 END
START 388 -4148 8268 4900 2152 2892 END
START -40 -3588 9176 5239 2726 2299 END
START 16 -2868 10576 5723 2529 1880 END
START -344 -2592 11552 6239 1244 2165 END
START -100 -2708 11236 6893 -3 2764 END
START -216 -3056 11432 7275 -524 3262 END
START 652 -3484 11316 7366 -638 3454 END
START 980 -3544 11160 7239 -463 3542 END
START 1032 -3344 11040 7249 64 3756 END
START 448 -3212 10868 7580 844 4163 END
START -212 -3868 11792 8079 1591 4557 END
START -440 -5092 13596 8421 1771 4793 END
START -904 -5692 14432 8684 1311 4475 END
START -920 -5788 15192 9119 971 3797 END
START -1092 -5372 16896 9439 992 3518 END
START -1100 -5524 18996 9255 1231 3840 END
START -1876 -6052 21064 8303 781 4171 END
START -2228 -6620 19888 7488 -122 4197 END
START -2244 -6976 19024 7295 455 3871 END
START -2716 -7164 19268 7191 2175 3409 END
START -3412 -7252 22184 6371 3264 2741 END
START -4388 -7136 23932 5292 2967 2107 END
START -5152 -7124 24092 4521 1451 1478 END
START -5120 -6648 23756 3882 802 850 END
START -5020 -6164 23872 3103 636 331 END
START -5368 -5580 24048 2093 248 10 END
START -6044 -5128 23456 1112 -435 -30 END
START -6792 -5216 22168 433 -1061 -213 END
START -7512 -5592 20932 80 -1077 -821 END
START -8508 -5688 19544 -279 -995 -1695 END
START -8972 -5564 18628 -704 -857 -2603 END
START -9076 -5424 17848 -1302 -1291 -3560 END
START -9064 -5016 16100 -1464 -2031 -4654 END
START -8484 -4640 14208 -823 -1703 -5562 END
START -8144 -4300 14776 -209 -1087 -6475 END
START -7364 -4180 15724 22 -1284 -7596 END
START -6148 -3620 15240 158 -1351 -8715 END
START -4308 -3080 14708 252 -1055 -9706 END
START -1968 -2264 14932 293 -334 -10365 END
START 372 -1040 15668 169 72 -10372 END
START 1924 -80 15748 113 -413 -9672 END
START 3856 4 14580 387 -1280 -8448 END
START 5284 -636 13636 1045 -651 -7094 END
START 6320 -852 14048 1482 1108 -5808 END
START 6340 -832 15520 1296 1940 -4862 END
START 6776 -924 15960 950 1842 -3946 END
START 6604 -1280 15868 728 1753 -2997 END
START 6580 -1592 15580 603 2201 -2176 END
START 6132 -1988 16284 321 2802 -1477 END
START 5452 -2192 17092 44 3013 -760 END
START 4652 -2876 18320 -290 2353 -1 END
START 3648 -3680 18964 -823 1306 433 END
START 2244 -4336 19288 -1396 417 307 END
START 1764 -4868 19664 -2082 -608 -264 END
START 1828 -4608 19016 -2824 -1227 -657 END
START 1840 -4180 18840 -3368 -1364 -723 END