START 4136 -3936 18900 -2507 1193 -387 END
START 1468 -808 12584 -3554 329 -548 END
START 5152 -4468 17408 -2854 -1283 190 END
START 5212 -4724 16480 -2819 64 733 END
START 4792 -3616 17216 -3047 388 1013 END
START 5000 -2244 17180 -3650 520 1564 END
START 5400 -1660 17440 -4485 412 2606 END
START 6012 -1740 16608 -5344 175 3857 END
START 6180 -1392 16096 -5975 486 5032 END
START 5692 -912 15576 -6581 363 6156 END
START 5700 -1064 14320 -6589 -249 7295 END
START 5280 -832 12724 -6061 -705 8391 END
START 4944 -436 11200 -5057 -1114 9370 END
START 4868 -288 10264 -3677 -910 10675 END
START 4616 104 9712 -2331 -376 12381 END
START 3956 680 9936 -1564 93 14233 END
START 1672 8 10624 -1173 242 15941 END
START -1016 -1568 10840 -980 150 16574 END
START -3176 -3640 10328 -838 116 15676 END
START -4584 -4132 10316 -893 247 13889 END
START -5276 -4096 9468 -724 319 12237 END
START -5344 -4264 8060 139 385 11081 END
START -5516 -4004 8080 1673 660 10268 END
START -5596 -3916 9220 3251 50 9788 END
START -5844 -3904 9624 4647 -924 9521 END
START -6228 -3508 9692 5904 -1349 9154 END
START -7372 -4644 10644 6600 -909 8556 END
START -8612 -6068 11496 6824 23 7144 END
START -9164 -6712 12108 6862 255 5150 END
START -8744 -6804 12828 6909 685 3281 END
START -8380 -6624 13716 7206 1368 1995 END
START -8088 -6860 14952 7571 2043 1049 END
START -8440 -7116 17004 7767 2847 43 END
START -8660 -8028 19408 7495 2540 -919 END
START -9020 -8876 21008 6923 1670 -2250 END
START -8808 -9356 21532 6406 845 -4076 END
START -8204 -9112 22784 5695 1016 -5892 END
START -6836 -8468 23508 4317 1872 -7356 END
START -5616 -7860 24796 2373 3288 -8274 END
START -4520 -7360 25604 255 3639 -9025 END
START -3720 -7192 25492 -1239 3365 -9552 END
START -2552 -7152 25652 -2385 2584 -10043 END
START -1168 -6360 25180 -3326 1144 -10561 END
START -20 -5464 24352 -4176 -166 -10590 END
START 1456 -4208 23612 -5022 -1246 -10144 END
START 2496 -3548 22144 -5951 -1821 -9122 END
START 2796 -2612 19880 -6686 -1643 -7925 END
START 3584 -2380 17980 -7290 -662 -6567 END
START 3664 -2628 17800 -8184 797 -5254 END
START 3136 -2504 16720 -8977 179 -4478 END
START 2960 -2244 13900 -8692 -880 -3818 END
START 3308 -1852 11824 -7620 -1521 -3001 END
START 3708 -1476 9972 -6492 -1337 -2084 END
START 3664 -1152 8468 -5484 -1019 -1119 END
START 3908 -808 7228 -4327 -864 -68 END
START 4020 -416 6380 -3174 -824 1114 END
START 3196 -324 6448 -2184 -38 2352 END
START 2104 -968 6524 -1494 31 3200 END
START 1048 -1200 6588 -899 -183 3541 END
START 216 -1648 5904 62 -817 3419 END
START -72 -1652 5400 1276 -884 3086 END
START -88 -1392 5516 2638 -809 2793 END
START 0 -820 6212 3809 -610 2834 END
START 328 -468 7108 4683 -673 3168 END
START 556 -276 7864 5449 -653 3864 END
START 188 -416 8920 6051 -746 4536 END
START -548 -868 9808 6663 -819 4904 END
START -1092 -1496 10824 7296 -1362 4810 END
START -1200 -1732 11160 7987 -2042 4474 END
START -908 -1984 11768 8556 -2237 4250 END
START -672 -2080 11652 9024 -1870 4129 END
START -324 -2148 12260 9343 -880 4232 END
START -264 -1928 13336 9435 224 4580 END
START -1048 -2276 14640 9511 1070 4912 END
START -1660 -2528 16340 9672 1824 5065 END
START -2532 -3184 18624 9622 1529 4983 END
START -3060 -3824 19732 9502 363 4691 END
START -3276 -4188 20380 9339 -602 4141 END
START -3128 -4276 20864 8977 -652 3622 END
START -2900 -4352 21240 8373 -37 3458 END
START -3148 -4412 22416 7550 681 3334 END
START -3608 -4392 23556 6522 1028 3240 END
START -4024 -4752 23716 5548 604 3157 END
START -4184 -5008 23844 4655 526 2829 END
START -4584 -5408 23824 3792 606 2363 END
START -4836 -5620 24224 3022 780 1848 END
START -5324 -5968 24788 2145 652 1471 END
START -5864 -5980 24880 1217 224 1004 END
START -6332 -6008 24476 281 -69 342 END
START -6568 -5916 24140 -654 -51 -398 END
START -6484 -5716 23832 -1647 141 -1151 END
START -6200 -5472 23372 -2556 160 -1793 END
START -6240 -5220 23136 -3249 -77 -2509 END
START -6000 -4868 22280 -3812 -295 -3245 END
START -5796 -4520 22036 -4433 -314 -4036 END
START -5268 -4024 21484 -5299 -133 -4673 END
START -5248 -3504 21056 -6235 4 -4986 END
START -5228 -3404 19892 -6887 -223 -5297 END
START -5132 -3368 18808 -7260 -10 -5823 END
START -5028 -3460 18644 -7653 297 -6612 END
START -5084 -3216 18752 -8088 -82 -7463 END
START -5204 -2916 18380 -8287 -1290 -8438 END
START -4644 -2616 16740 -8089 -2369 -9411 END
START -3124 -1792 14676 -7893 -2353 -10142 END
START -1480 -688 13236 -8001 -1156 -10468 END
START 204 88 13152 -8312 85 -10231 END
START 1536 488 13276 -8488 -583 -9924 END
START 3032 1496 11516 -7494 -2409 -9218 END
START 4656 1976 9288 -5566 -4423 -7836 END
START 6124 2112 7652 -3922 -4492 -5950 END
START 7176 2024 7144 -3123 -2597 -3969 END
START 7376 1460 6888 -2926 -297 -1818 END
START 6296 820 7064 -2568 1539 -4 END
START 5392 208 7596 -1936 2736 1089 END
START 4612 -900 9276 -1286 3494 1906 END
START 3596 -1556 11136 -794 3406 2517 END
START 2308 -2364 12436 -145 2169 2778 END
START 1220 -3268 12760 738 713 2640 END
START 304 -3760 13416 1490 27 2341 END
START -280 -4000 14944 1730 -293 1861 END
START -536 -3996 16272 1495 -971 1621 END
START -532 -3972 16680 1175 -1811 1622 END