START -4280 -6776 17624 3993 414 1849 END
START -4552 -5872 18704 3440 856 1411 END
START -2808 -7032 14136 4531 -1431 1545 END
START -3988 -6744 15144 5198 -241 1334 END
START -4596 -6024 16144 5389 568 1062 END
START -5068 -6956 17432 4619 1431 782 END
START -5968 -8100 17928 3482 1554 -223 END
START -7156 -8816 17788 2679 1497 -2230 END
START -6972 -8356 17856 2591 1636 -4538 END
START -6600 -6960 18956 2419 1701 -5966 END
START -6200 -6560 20088 1758 1458 -6200 END
START -6316 -6680 20784 785 756 -6132 END
START -5984 -7192 20316 -30 54 -6311 END
START -5648 -7320 19424 -593 -118 -6722 END
START -5604 -7612 19200 -972 -54 -7555 END
START -5108 -7700 19840 -1353 328 -8505 END
START -4564 -7412 19792 -1961 424 -9374 END
START -3728 -7032 19168 -2403 694 -10117 END
START -2000 -6452 18744 -2881 1830 -10385 END
START -880 -5092 20080 -4021 2839 -10142 END
START 180 -4536 20692 -5359 2542 -9449 END
START 1044 -4276 20456 -6275 1936 -8649 END
START 1688 -4048 20004 -7051 944 -8041 END
START 2480 -3280 19348 -7597 234 -7443 END
START 3392 -2332 18072 -8046 -642 -6472 END
START 3692 -1504 14776 -7692 -1252 -4979 END
START 4320 -2496 13664 -6834 -356 -3689 END
START 3924 -2608 13476 -6540 641 -2880 END
START 3816 -2124 12100 -6704 652 -2210 END
START 4000 -2016 10140 -6717 930 -1249 END
START 3476 -2184 8956 -6381 1171 -304 END
START 2608 -2580 7892 -5813 1435 310 END
START 2200 -3084 7448 -4816 1070 418 END
START 1864 -2888 7396 -3658 -152 285 END
START 1996 -2248 6260 -2265 -1205 405 END
START 2392 -1776 5500 -775 -1639 925 END
START 2440 -1344 5440 343 -1387 1620 END
START 2524 -1648 5728 1292 -431 2468 END
START 1744 -1784 6256 1869 283 3280 END
START 816 -1876 6372 2361 794 3709 END
START 68 -2620 6516 3124 1431 3817 END
START -504 -3052 7096 4052 2078 3729 END
START -1084 -3124 8688 4792 2441 3584 END
START -1652 -3396 10000 5348 1960 3598 END
START -2288 -4252 10804 6113 1129 3515 END
START -2832 -4540 11368 6986 514 3194 END
START -3008 -4684 12352 7598 282 2976 END
START -3640 -5124 13616 7836 475 2689 END
START -3928 -5896 14912 7719 184 1981 END
START -3628 -6164 15180 7589 -82 1113 END
START -3124 -6116 15724 7542 318 312 END
START -1980 -5924 16692 7276 746 -153 END
START -1444 -5684 17908 6903 797 -403 END
START -848 -5476 18716 6601 116 -514 END
START -180 -5300 19008 6657 -649 -388 END
START 900 -5412 19092 6727 -1433 -155 END
START 2024 -5576 19660 6531 -1685 74 END
START 3152 -5456 19632 6020 -1771 313 END
START 4148 -5244 19928 5430 -1300 960 END
START 4284 -4804 20804 4753 -881 1888 END
START 4404 -4936 21808 3971 -926 2923 END
START 4112 -4700 22156 3247 -1312 3983 END
START 3636 -4800 22644 2509 -1937 4945 END
START 3120 -5476 21920 1758 -2492 5508 END
START 3000 -5676 20864 1099 -2495 5838 END
START 2648 -5256 20256 536 -1987 6343 END
START 1884 -5088 20120 -32 -1399 7209 END
START 1016 -4928 19972 -696 -654 8157 END
START -976 -5240 20140 -1452 22 8927 END
START -2420 -5804 19952 -2160 373 9229 END
START -4384 -6292 20204 -2705 657 9004 END
START -6080 -6892 20284 -3091 164 8319 END
START -7356 -6996 19596 -3239 -604 7114 END
START -8324 -7220 19324 -3405 -1010 5603 END
START -8820 -7140 19132 -3695 -1531 4002 END
START -9032 -6248 18272 -3826 -2180 2412 END
START -8260 -5464 16812 -3804 -2421 1362 END
START -7532 -5004 15700 -3890 -2114 703 END
START -6988 -4368 14976 -4077 -1366 -9 END
START -6444 -4032 14288 -4461 -730 -660 END
START -5624 -3644 13424 -4541 -771 -1389 END
START -4412 -3064 12620 -3889 -923 -2110 END
START -3076 -2308 12224 -2908 -1151 -2412 END
START -1784 -1440 11852 -2002 -1402 -2254 END
START -552 -1028 11848 -1333 -1391 -1716 END
START 396 -976 11880 -860 -988 -926 END
START 688 -1444 12416 -478 -575 -154 END
START 584 -1800 12372 -147 -71 427 END
START 648 -2252 12848 17 472 791 END
START 64 -2620 13488 -81 1006 947 END
START -244 -2920 13968 -214 1088 901 END
START -260 -3372 14116 -172 1074 932 END
START -676 -3504 13996 -57 991 880 END
START -920 -3900 14432 76 1018 770 END
START -972 -4360 15180 -47 1035 487 END
START -1376 -4472 15908 -341 882 113 END
START -1052 -4500 16776 -874 655 -224 END
START -936 -4120 17316 -1699 531 -337 END
START -980 -3952 17912 -2633 -49 -230 END
START -824 -3832 18116 -3183 -1342 -13 END
START -336 -4100 16704 -2909 -2001 590 END