START 976 -3556 12240 -355 1150 5762 END
START -2060 -436 3112 -1195 1211 5619 END
START 540 -4760 10840 20 -1515 6156 END
START -284 -5312 8532 1490 -105 6024 END
START -1364 -4804 8188 3336 637 5051 END
START -1576 -4812 10120 4182 1336 4039 END
START -1872 -4628 11504 4074 1188 3264 END
START -1780 -4412 11428 3642 280 2670 END
START -1424 -4456 10024 3647 20 2216 END
START -1240 -4144 9700 4009 527 1794 END
START -948 -3476 10352 4294 612 1645 END
START -452 -3376 10556 4423 -93 1760 END
START -100 -3404 10284 4809 -520 2006 END
START -412 -3280 10500 5273 -254 2207 END
START -736 -3008 10412 5630 18 2293 END
START -768 -3016 11012 6033 520 2396 END
START -1148 -3100 11092 6409 676 2336 END
START -1004 -3500 11140 6947 851 2269 END
START -1080 -4036 12248 7498 1173 2225 END
START -1904 -4344 13344 7948 1234 2085 END
START -2564 -4436 14824 7983 689 1889 END
START -2768 -4392 14844 7847 43 1605 END
START -2228 -4536 14604 8003 279 1234 END
START -2204 -4320 15256 8116 1063 815 END
START -2440 -4108 15900 8083 1398 646 END
START -2468 -4400 17212 7990 1489 619 END
START -2568 -4880 17976 7752 1427 552 END
START -3120 -5288 18464 7415 1063 331 END
START -3380 -5476 17672 7270 1036 -46 END
START -3608 -5288 18184 7345 1621 -595 END
START -3832 -5092 19136 7246 1845 -1028 END
START -3604 -5304 20204 6917 1522 -1327 END
START -3452 -5820 21096 6501 1001 -1654 END
START -3356 -5776 21328 6072 728 -2075 END
START -3320 -5904 21916 5512 666 -2273 END
START -3196 -5816 21688 4872 804 -2423 END
START -3216 -6212 21600 4267 1452 -2716 END
START -3128 -6396 22780 3504 2115 -3288 END
START -2556 -6164 23636 2559 1825 -3644 END
START -2136 -5588 22880 1871 1216 -3610 END
START -1484 -5804 22280 1502 1300 -3354 END
START -1248 -5936 23012 881 1713 -3271 END
START -884 -5448 22764 44 1926 -3167 END
START -592 -5820 22444 -646 2412 -2728 END
START -948 -5984 22396 -1249 3010 -2441 END
START -1300 -6484 23176 -1945 3390 -2524 END
START -1140 -6620 23596 -2782 3207 -2893 END
START -1100 -6312 23832 -3555 2975 -3270 END
START -432 -5840 23896 -4419 2657 -3481 END
START 108 -5364 23080 -5371 2885 -3392 END
START 316 -4868 22556 -6427 3026 -3191 END
START 648 -4540 22616 -7237 2740 -2893 END
START 616 -3972 21876 -7762 1788 -2588 END
START 700 -3960 21032 -7837 877 -2243 END
START 552 -4252 20876 -7994 203 -1976 END
START 244 -4532 20520 -8557 -324 -2116 END
START 172 -4100 19380 -9260 -557 -2510 END
START 20 -3884 18764 -9915 -649 -2862 END
START 112 -3836 18328 -10487 -996 -3086 END
START 404 -2980 16956 -10815 -1507 -3170 END
START 188 -2436 15372 -10623 -2108 -2905 END
START 68 -2896 14640 -10122 -2717 -2527 END
START -264 -2984 14212 -9861 -3419 -2584 END
START -120 -2984 12112 -9704 -3830 -2819 END
START 128 -2088 10788 -9365 -3521 -2847 END
START 664 -1628 9792 -9009 -3040 -2471 END
START 684 -1704 8876 -8525 -3135 -1952 END
START 508 -1904 7012 -7632 -3416 -1450 END
START 268 -2068 5272 -6551 -3573 -1055 END
START 612 -2528 4516 -5149 -3030 -795 END
START 424 -2736 5104 -3815 -2139 -480 END
START 392 -2952 5380 -2722 -1857 -205 END
START 308 -3332 5772 -1555 -1496 86 END
START 400 -3644 7016 -775 -856 128 END
START 564 -3880 7964 -300 -474 317 END
START 948 -4172 8188 92 147 696 END
START 680 -4416 8704 462 810 1076 END
START 808 -4844 9640 814 1368 1434 END
START 632 -5264 10684 1192 1638 1688 END
START 120 -5484 12044 1697 1663 2116 END
START -648 -5960 13584 2143 1494 2427 END
START -1824 -6896 15272 2197 1019 2379 END
START -2652 -7788 16364 1752 482 1676 END
START -3064 -8116 16496 1128 -51 599 END
START -3020 -7956 17144 480 -635 -603 END
START -2376 -8144 17852 4 -1754 -1527 END
START -1548 -7596 17488 -251 -3136 -1847 END
START -212 -7040 16092 -181 -3688 -1456 END