START 10236 -4652 20292 -6717 213 541 END
START 8812 -6708 25572 -7989 -329 780 END
START 9244 -4044 19596 -7671 -3228 2004 END
START 10604 -4232 16388 -7973 -2184 4414 END
START 10420 -3760 14668 -7706 -1179 6384 END
START 10272 -3580 13920 -7713 533 8035 END
START 9676 -3216 14656 -8490 1639 9512 END
START 9252 -2540 13996 -9495 1489 10904 END
START 8292 -2560 12656 -10262 1105 12570 END
START 7104 -2556 10184 -10252 659 14256 END
START 5844 -2796 7748 -9310 183 15289 END
START 4572 -3384 4840 -7439 -172 15574 END
START 3656 -3416 3076 -4860 -36 15243 END
START 3180 -3732 2632 -2427 74 14904 END
START 2544 -3572 2340 -322 271 14621 END
START 1768 -3576 3272 1335 415 14532 END
START 1084 -3532 3540 2576 408 14586 END
START -240 -2852 3472 3664 369 14794 END
START -1688 -2704 3512 4777 286 14905 END
START -3048 -2948 3700 5949 650 15075 END
START -4584 -4056 4376 6929 983 14789 END
START -6316 -5336 5608 7873 782 13897 END
START -7796 -6092 6020 8917 65 12406 END
START -8280 -6896 6020 10471 -753 10491 END
START -8368 -7004 7344 12184 -1089 8601 END
START -8048 -7256 7856 13525 -1276 7100 END
START -8272 -7584 8408 14468 -43 5926 END
START -8940 -8176 10536 15096 1490 4632 END
START -9664 -8580 13552 15313 3346 3199 END
START -10280 -9688 17232 14934 4422 1890 END
START -10868 -11396 20012 14140 3205 234 END
START -10896 -12240 21272 13524 1256 -2093 END
START -10352 -12652 22528 13324 1053 -4669 END
START -9504 -12452 25416 12456 1977 -6667 END
START -8752 -12464 28520 10399 2600 -8030 END
START -7752 -12336 30048 7693 2245 -9020 END
START -6568 -12968 30688 5120 2178 -9798 END
START -5328 -13064 31200 2707 2050 -10953 END
START -3704 -12444 30200 464 1721 -12211 END
START -2476 -11632 29144 -1200 1481 -13115 END
START -1016 -10684 28832 -3031 1501 -13944 END
START 604 -9520 28752 -5206 1352 -14551 END
START 2856 -7664 28604 -7408 792 -14640 END
START 3980 -6328 27612 -9526 -745 -14030 END
START 5240 -4696 23928 -10791 -2288 -12698 END
START 6584 -4288 22160 -11503 -2005 -11197 END
START 6980 -3436 21428 -12581 -1894 -9857 END
START 7592 -2772 19196 -13447 -2238 -8234 END
START 7860 -2108 17056 -13983 -2852 -6464 END
START 7552 -1584 14560 -14041 -2601 -4916 END
START 7264 -1392 12180 -13432 -2345 -3555 END
START 6920 -1052 10308 -12572 -2483 -2101 END
START 6280 -844 8736 -11906 -3025 -678 END
START 5628 -1080 7012 -11300 -3342 466 END
START 4728 -1344 3984 -10166 -3693 1306 END
START 4156 -1604 1516 -8393 -3437 1920 END
START 3488 -1684 684 -6697 -2042 2316 END
START 2460 -2120 704 -5319 -1448 2511 END
START 1756 -2256 -60 -3834 -1852 2237 END
START 1816 -1800 -1236 -1972 -1979 1829 END
START 2104 -1148 -2004 214 -2026 1747 END
START 3148 -768 -2220 2056 -1016 2193 END
START 3284 -596 -1512 3567 1532 3312 END
START 2740 -1012 56 4795 2431 4423 END
START 1760 -1540 1068 6001 2799 5450 END
START 272 -2556 2092 7521 3399 6111 END
START -1744 -3652 4032 8940 3855 6098 END
START -3396 -4696 5780 10183 3431 5361 END
START -4600 -5888 7440 11357 2534 4212 END
START -5512 -7104 9336 12254 1531 2573 END
START -5352 -7480 10648 12923 943 563 END
START -4968 -7328 12288 13764 1027 -1033 END
START -4488 -6976 14452 14340 1423 -2072 END
START -4292 -6872 17896 14321 1735 -2626 END
START -4100 -6940 20468 13677 1236 -2985 END
START -3740 -7636 21484 12744 432 -3359 END
START -3772 -8348 21948 11830 944 -3790 END
START -4284 -9228 23088 10799 1674 -4437 END
START -4800 -10196 24028 9677 2446 -5318 END
START -5148 -10768 24336 8532 2573 -6043 END
START -5592 -11572 25488 7217 2749 -6815 END
START -6292 -11944 25924 5995 2530 -8053 END
START -5644 -12088 26460 5125 1434 -9821 END
START -3804 -11620 25732 4533 459 -11168 END
START -1828 -10420 25432 3795 563 -12163 END
START -1132 -9660 26704 2164 399 -12742 END
START -96 -8908 26528 -132 79 -13215 END
START -8 -8440 26124 -2390 14 -13846 END
START 1064 -7716 24520 -4386 -199 -14519 END
START 3428 -6576 22620 -5748 285 -14842 END
START 5444 -4852 21512 -6455 1292 -14489 END
START 6460 -2948 20872 -6689 1105 -13451 END
START 7212 -2208 19024 -6325 41 -11924 END
START 7240 -1260 18064 -5849 -487 -10532 END
START 7376 -752 17380 -5809 -427 -9200 END
START 7716 24 16980 -6354 -506 -7769 END
START 7984 372 16048 -7140 -578 -6135 END
START 8400 928 14744 -7860 -867 -4461 END
START 8384 600 13876 -8317 -1116 -2686 END
START 8224 268 12604 -8507 -1456 -972 END
START 7608 -240 11116 -8250 -1798 374 END
START 7088 -476 9944 -7663 -2108 1499 END
START 6812 -636 8104 -6444 -2398 2570 END