START -3244 -4128 9764 4539 2286 -1171 END
START -4156 -5880 26264 3739 1969 -1488 END
START -1648 -4940 5912 5318 2657 -1232 END
START -3200 -4288 11412 6082 3369 -1115 END
START -3576 -3856 12632 6623 2331 -1389 END
START -3332 -4392 11868 7534 718 -1980 END
START -3028 -4228 11832 8641 140 -2880 END
START -2296 -2848 12080 9269 -151 -3539 END
START -964 -1756 13284 9459 -184 -3260 END
START -592 -1588 14256 9247 -618 -2313 END
START -172 -2108 14420 8957 -657 -1637 END
START 12 -2496 14808 8760 -340 -1363 END
START -320 -2160 14864 8791 60 -1094 END
START -76 -1984 15132 8829 632 -644 END
START -308 -2308 16140 8450 1130 -73 END
START -1020 -2460 17080 7810 1112 173 END
START -1116 -2844 17292 7244 686 259 END
START -1128 -3400 17892 6935 368 357 END
START -1384 -3640 18500 6585 -128 476 END
START -1400 -4136 18560 6337 -686 527 END
START -1588 -4596 19120 6277 -939 456 END
START -1728 -4752 19572 6122 -1061 400 END
START -1772 -4872 19364 5725 -747 535 END
START -2040 -5228 19204 5268 618 618 END
START -2420 -5796 21000 4538 2320 497 END
START -2888 -6408 22728 3408 3305 147 END
START -3600 -6028 24144 2242 3257 -91 END
START -4068 -5928 24628 1230 2506 -133 END
START -4796 -5764 25296 213 1830 -340 END
START -5476 -6160 25832 -821 1087 -573 END
START -6120 -6384 25916 -1990 117 -993 END
START -6708 -6560 24652 -3040 -699 -1539 END
START -7164 -6624 24692 -4170 -603 -2446 END
START -7216 -6920 24440 -5678 -760 -3571 END
START -7108 -6540 23292 -6961 -1002 -5007 END
START -6528 -5780 22048 -7875 -1286 -6296 END
START -5336 -4632 20756 -8547 -1473 -7089 END
START -4296 -3860 20024 -9150 -1762 -7407 END
START -3656 -3188 18764 -9558 -2464 -7614 END
START -3088 -2624 16720 -9626 -3170 -7758 END
START -1804 -2308 14904 -9422 -3166 -7840 END
START -516 -1844 13152 -9177 -2762 -7786 END
START 744 -960 11936 -8930 -2004 -7299 END
START 1732 -656 10908 -8470 -1308 -6487 END
START 2124 -408 10116 -7847 -996 -5323 END
START 2264 -372 9444 -6989 -839 -4152 END
START 2060 -660 8784 -5942 -1036 -3103 END
START 1696 -1196 7908 -4780 -964 -2441 END
START 1672 -1392 8072 -3858 -566 -2043 END
START 1752 -1516 8216 -3263 -321 -1705 END
START 1912 -1576 8196 -2665 -262 -1448 END
START 1768 -1724 8616 -1921 -311 -1137 END
START 1164 -2188 9480 -1249 -858 -1127 END
START 876 -2952 10224 -722 -1599 -1533 END
START 1056 -2788 10924 -327 -2255 -1816 END
START 1636 -2840 10760 110 -2434 -1789 END
START 2144 -2804 10976 764 -2011 -1412 END
START 2488 -2880 11588 1509 -1246 -699 END