START -3152 -5296 14500 1454 -867 5102 END
START -3688 -7220 28592 519 -1431 4878 END
START -1656 -7108 7132 1568 -2430 5442 END
START -3504 -7040 8944 3103 -676 5325 END
START -4440 -6764 9404 4936 844 4460 END
START -5172 -7236 11776 5807 1080 3062 END
START -5332 -7276 12588 6013 -311 1373 END
START -4228 -6104 11788 6127 -1263 -54 END
START -3548 -4752 10972 6293 -1305 -410 END
START -2996 -4564 11080 6454 -383 133 END
START -3200 -4696 12236 6410 548 736 END
START -4088 -4636 13840 5951 656 925 END
START -4876 -4588 14380 5387 -237 847 END
START -4708 -5140 14176 5043 -1084 593 END
START -4632 -5432 13184 5199 -1331 229 END
START -4740 -5460 12624 5695 -744 -96 END
START -5044 -5576 13088 6205 217 -352 END
START -5432 -5868 14784 6582 1131 -698 END
START -6028 -6316 17132 6406 1176 -1221 END
START -6304 -6076 17884 6001 -34 -1796 END
START -5836 -5908 17100 5857 -640 -2061 END
START -5680 -6200 17604 5911 -514 -2275 END
START -5300 -6796 18288 5691 -396 -2625 END
START -5344 -7112 19380 5377 -48 -3055 END
START -5928 -7328 19768 5018 133 -3579 END
START -6080 -7652 19916 4631 636 -4175 END
START -5740 -7400 21056 3920 1067 -4761 END
START -4964 -7332 21568 2965 1056 -4952 END
START -5036 -7580 22200 2118 691 -4910 END
START -5112 -8012 21472 1500 447 -4959 END
START -5156 -8300 20872 996 831 -5364 END
START -5292 -8312 21340 374 1307 -6162 END
START -4852 -8056 22064 -550 1372 -7015 END
START -4144 -7568 21528 -1321 1076 -7801 END
START -3060 -6748 21588 -1939 602 -8190 END
START -1708 -6252 21152 -2639 -50 -8198 END
START -800 -5832 20784 -3252 -478 -8033 END
START 164 -5100 20412 -3899 -808 -7619 END
START 552 -4584 19340 -4388 -958 -7041 END
START 764 -4412 18812 -4629 -696 -6428 END
START 996 -4312 18656 -5060 -510 -5978 END
START 1268 -4556 18668 -5707 -570 -5699 END
START 1928 -3904 17948 -6252 -985 -5399 END
START 2616 -3552 16588 -6623 -1315 -4749 END
START 2492 -3804 15396 -6498 -1421 -3922 END
START 1836 -3952 14760 -6215 -1389 -3344 END
START 1212 -4032 14964 -6130 -1556 -3299 END
START 840 -3692 15100 -6236 -2035 -3312 END
START 1300 -3232 14188 -6415 -2662 -3186 END
START 2112 -3116 12812 -6590 -3116 -2503 END
START 2504 -3396 11224 -6626 -2804 -1384 END
START 1988 -3796 10256 -6338 -2468 -247 END
START 1548 -4100 8912 -5649 -2680 582 END
START 1212 -4440 7608 -4710 -2467 1176 END
START 740 -4736 6552 -3689 -2318 1219 END
START 1220 -4740 5696 -2623 -1966 992 END
START 1760 -3932 5264 -1602 -1453 938 END
START 2468 -3216 4972 -561 -1271 1384 END
START 3040 -3028 5128 480 -1224 2180 END
START 3032 -2616 4700 1619 -1281 3032 END
START 2996 -2356 4500 2946 -850 3826 END
START 2924 -2500 5304 4007 306 4600 END
START 2376 -2348 6560 4662 1155 5312 END
START 1576 -2276 7464 5125 1250 5792 END
START 1288 -2204 8040 5531 900 6028 END
START 1896 -2000 7708 5809 816 6193 END
START 1484 -1556 7984 6360 1190 6614 END
START 676 -1952 9400 7254 1260 7322 END
START -568 -2352 10712 8207 671 7933 END
START -1356 -3360 11296 9081 -754 7984 END
START -964 -3388 10720 9930 -1664 7270 END
START -188 -2252 10120 10465 -761 6854 END
START 136 -1860 11512 10538 1174 7124 END
START -544 -1356 14104 10198 2398 7889 END
START -1480 -1900 15556 10067 2459 8726 END
START -2428 -2668 16556 10175 1954 9130 END
START -3064 -3252 17708 10101 1718 9014 END
START -3416 -3388 18612 9792 1960 8664 END
START -4848 -3740 20512 9362 2267 8527 END
START -5924 -4468 21552 8839 2183 8436 END
START -7300 -5112 22832 8319 2230 7820 END
START -8136 -5848 24856 7586 2141 6825 END
START -8820 -6028 26248 6554 1498 5817 END
START -9300 -5808 26172 5419 -589 4776 END
START -9452 -6052 25292 4384 -2184 3660 END
START -8952 -6148 24132 3617 -2807 2354 END
START -8352 -5784 22828 3137 -2603 1132 END
START -7612 -5088 22748 2327 -2436 210 END
START -6792 -4512 21792 1417 -2439 -283 END
START -6172 -4084 21028 726 -2156 -797 END
START -5288 -3372 20176 346 -2039 -1128 END
START -4268 -2856 19748 112 -1880 -1113 END
START -3196 -2312 19612 -237 -1630 -822 END
START -3048 -2064 19544 -867 -1560 -434 END
START -3028 -2476 18696 -1365 -1481 -121 END
START -3276 -2620 17416 -1397 -1167 -279 END
START -3420 -2640 17168 -1301 -561 -656 END
START -3912 -2896 17636 -1494 -298 -1202 END
START -3772 -2876 17580 -1834 -814 -1855 END
START -3516 -2584 17168 -2107 -1288 -2409 END
START -3488 -2072 17308 -2310 -2024 -2945 END
START -2256 -1548 17456 -2743 -2632 -3097 END
START -1240 -1148 17948 -3647 -2893 -2547 END
START -1608 -816 17272 -4283 -2854 -1850 END
START -1836 -1716 17072 -4261 -2859 -1627 END
START -1760 -2700 16844 -3722 -2512 -1668 END