START 1588 -5632 18976 -2415 -1176 80 END
START 856 -4268 20136 -3220 -2196 31 END
START 2396 -5212 17764 -2600 -2775 849 END
START 3476 -5728 17284 -2545 -654 1788 END
START 3800 -5408 18368 -2939 -682 2448 END
START 3776 -5484 17924 -3469 -1235 3307 END
START 3616 -5772 16768 -3585 -1870 4127 END
START 3552 -5556 15544 -3699 -2085 4603 END
START 3620 -5248 14752 -4071 -2024 4929 END
START 3136 -5212 13632 -4385 -1958 5427 END
START 2840 -5352 12376 -4510 -2315 5763 END
START 2440 -5256 10552 -4247 -2610 5855 END
START 1948 -4864 9336 -3514 -2344 5692 END
START 2000 -4252 9376 -2837 -2124 5760 END
START 1884 -4116 9636 -2390 -2478 6409 END
START 1436 -3772 8016 -1698 -2659 7009 END
START 328 -3784 7644 -963 -2374 7282 END
START -228 -4148 7676 -523 -2129 7230 END
START -644 -4068 6872 -22 -1842 7009 END
START -1332 -3852 7004 711 -1190 6842 END
START -2056 -3560 7872 1618 -888 6826 END
START -2896 -3540 8996 2352 -1494 6968 END
START -3876 -4104 8880 3072 -2545 6814 END
START -4212 -4260 7896 3897 -2767 6083 END
START -4620 -3896 8260 4489 -2052 5293 END
START -5124 -4088 9560 4797 -1436 4797 END
START -5548 -4384 10604 5039 -1448 4356 END
START -5736 -4552 10680 5617 -2190 3723 END
START -5148 -4748 10192 6412 -2400 3084 END
START -5184 -4604 10576 7064 -1588 2674 END
START -5580 -4496 12192 7272 -716 2277 END
START -6136 -4728 13736 7224 -404 1939 END
START -6492 -4872 14476 7246 -665 1487 END
START -6552 -5148 14928 7408 -846 837 END
START -6336 -5052 15404 7550 -750 209 END
START -5840 -4932 15888 7602 -531 -608 END
START -5292 -4696 16508 7640 -294 -1312 END
START -4980 -4256 17148 7690 143 -1625 END
START -5380 -4188 18764 7511 481 -1807 END
START -5660 -4336 19708 7016 400 -2162 END
START -5232 -4076 19540 6548 -207 -2731 END
START -4796 -3972 19464 6138 -216 -3136 END
START -4884 -3916 19540 5750 -119 -3213 END
START -5040 -3972 19496 5373 -321 -3196 END
START -5248 -4672 18724 5263 -209 -3273 END
START -5388 -5760 18752 5165 123 -3683 END
START -5224 -6228 19336 5084 579 -4653 END
START -5064 -5996 20884 4765 613 -5800 END
START -4196 -5736 21764 4281 283 -6505 END
START -3332 -4988 22444 3650 96 -6784 END
START -2372 -4508 22416 2936 93 -6986 END
START -1404 -4200 22140 2277 238 -6873 END
START -644 -4020 21312 1788 691 -6477 END
START -300 -4020 21316 1374 1386 -5824 END
START -456 -4672 22348 677 1816 -5323 END
START -688 -5228 22344 -72 1555 -5164 END
START -544 -5712 21964 -608 1258 -5387 END
START -88 -5856 21332 -1010 1362 -5649 END
START 312 -5528 21680 -1522 1659 -5814 END
START 844 -5184 21960 -2206 1736 -5837 END
START 1228 -5008 22052 -2838 1572 -5558 END
START 1496 -4756 22112 -3376 1396 -5382 END
START 1924 -4520 22172 -3919 957 -5091 END
START 2236 -4292 21932 -4555 438 -4591 END
START 2496 -4136 21496 -5172 -45 -4250 END
START 2940 -3952 20736 -5675 -346 -3901 END
START 3060 -3860 19836 -6117 -374 -3231 END
START 2904 -3896 19580 -6509 -347 -2541 END
START 2492 -4216 19184 -7024 -545 -2007 END
START 2068 -4416 18192 -7383 -871 -1732 END
START 1928 -4880 17324 -7592 -1043 -1663 END
START 2152 -4824 16652 -7694 -1380 -1953 END
START 3200 -4496 15512 -7574 -1483 -1984 END
START 4040 -3880 14980 -7420 -1194 -1430 END
START 4616 -3728 15084 -7385 -712 -575 END
START 4200 -3308 15040 -7364 -561 280 END
START 3888 -3804 15344 -7257 -841 1059 END
START 3388 -4148 15168 -7201 -1233 1540 END
START 3888 -4080 13612 -7028 -1221 1834 END
START 3956 -4140 13604 -6959 -634 2257 END
START 3860 -4252 14016 -7076 -447 2610 END
START 3792 -3912 13564 -7119 -838 2939 END
START 4056 -3800 12660 -6684 -1027 3405 END
START 4012 -3472 12580 -6215 -1130 4001 END
START 4072 -3384 12248 -5985 -1425 4541 END
START 4272 -3428 11256 -5594 -1485 5068 END
START 4364 -3080 9780 -5010 -1505 5700 END
START 4008 -2948 9836 -4488 -338 6478 END
START 3216 -2904 10532 -4280 2 7275 END
START 2120 -3136 10536 -4050 -158 7943 END
START 1144 -3732 11248 -3792 -591 8407 END
START 120 -4116 11272 -3509 -1419 8557 END
START -1092 -4400 10312 -3151 -1883 8554 END
START -2820 -5088 9676 -2332 -1683 8127 END
START -4576 -5916 10560 -1646 -1381 7450 END
START -6008 -6144 11020 -1184 -1585 6589 END
START -6924 -6504 10692 -643 -2497 5534 END
START -7192 -5976 10452 -72 -2838 4524 END
START -6988 -5896 10368 179 -2980 3820 END
START -6852 -6028 10320 216 -2704 3492 END
START -7224 -6064 10420 259 -1975 3386 END
START -7844 -6620 11280 272 -1409 3193 END
START -8148 -7548 11984 420 -1275 2601 END
START -8316 -8276 11976 1138 -1112 1473 END
START -7820 -8652 13380 1750 -850 -52 END
START -6808 -8304 14156 2020 -416 -1335 END
START -5924 -7788 15056 1933 245 -2189 END
START -5652 -7900 16456 1694 628 -2885 END
START -4624 -8200 17408 1309 316 -3539 END
START -3664 -7544 17852 946 342 -4115 END
START -2584 -6744 18084 539 226 -4292 END
START -1544 -6236 18632 112 -229 -4032 END
START -388 -6000 18272 -164 -912 -3404 END