START 5296 -3180 18004 -3336 -1002 4194 END
START 4612 -5008 30836 -4352 -1829 4194 END
START 7032 -4584 11504 -3677 -2384 5176 END
START 5436 -4060 13004 -3120 -797 6171 END
START 5004 -3848 13216 -2809 52 6504 END
START 4784 -4008 13008 -2780 659 6749 END
START 4552 -4216 13264 -2801 601 6922 END
START 4352 -3264 12732 -2801 147 7093 END
START 3964 -3048 12528 -2548 -310 7464 END
START 3748 -3020 11712 -2085 -903 7896 END
START 3452 -3124 11664 -1431 -1571 8226 END
START 3172 -2696 11220 -792 -2097 8649 END
START 2724 -2600 10556 -274 -2113 9136 END
START 2116 -3292 9956 295 -1749 9520 END
START 1056 -3516 9548 955 -1229 9457 END
START 224 -3672 9612 1747 -572 9218 END
START -256 -4056 10524 2414 -193 8884 END
START -704 -4128 10748 2869 -116 8654 END
START -1148 -3784 10876 3347 -272 8390 END
START -1504 -4352 10540 3918 -184 8199 END
START -2284 -4688 10880 4525 372 7819 END
START -2932 -5116 11764 4906 845 7163 END
START -3364 -5596 12552 5179 995 6481 END
START -4052 -5608 12812 5642 892 5852 END
START -4508 -6260 13316 6296 1202 5084 END
START -4820 -6592 14640 6598 1712 4003 END
START -4980 -6512 15868 6432 1823 2876 END
START -4832 -6048 15776 6152 1573 2064 END
START -4564 -6432 16044 6114 1925 1450 END
START -4380 -6648 17712 6110 2257 711 END
START -4400 -6740 18780 5863 2190 101 END
START -4660 -6900 18424 5865 1605 -448 END
START -4328 -7248 19588 5658 1842 -1279 END
START -3940 -7240 20316 4955 1923 -2097 END
START -3264 -7316 20212 4172 2186 -2648 END
START -3148 -7748 21396 3461 2456 -2937 END
START -3720 -8180 21388 2931 2146 -3603 END
START -3652 -8704 21240 2804 2033 -4386 END
START -3508 -8432 22344 2317 2305 -5350 END
START -2724 -7824 22400 1204 2398 -6025 END
START -1724 -7084 22304 130 2572 -6327 END
START -884 -7084 22568 -766 2684 -6260 END
START -480 -7032 22800 -1767 2930 -5984 END
START -328 -7564 22620 -2944 3115 -6040 END
START -204 -7640 22064 -3844 3323 -6488 END
START 328 -7552 22396 -4578 3365 -6957 END
START 864 -7168 22780 -5404 2779 -7210 END
START 1564 -6200 22152 -6108 1723 -7277 END
START 2024 -5596 20728 -6464 859 -6902 END
START 1724 -5416 20212 -6763 1099 -6584 END
START 1488 -5344 20216 -7742 1363 -6697 END
START 1648 -5220 19344 -8925 1505 -6936 END
START 1828 -4528 18108 -10048 2198 -7078 END
START 2252 -4044 17316 -11142 3042 -7060 END
START 2700 -3304 16796 -11786 3079 -7013 END
START 3076 -2268 15436 -11364 1318 -6581 END
START 3772 -1492 13120 -9879 -723 -5409 END
START 3716 -1700 11516 -8308 -2005 -4085 END
START 3308 -1924 9984 -7274 -2378 -3214 END
START 3152 -1676 8372 -6682 -2106 -2579 END
START 2860 -1928 7608 -6243 -1374 -2095 END
START 2952 -1748 6668 -5748 -676 -1841 END
START 3116 -1492 6380 -5052 -172 -1648 END
START 3520 -980 5824 -4190 -128 -1006 END
START 3904 -384 5160 -3188 76 -214 END
START 3904 -168 4908 -2168 395 673 END
START 3804 -356 4900 -1012 267 1546 END
START 3464 -392 4808 406 -147 2303 END
START 3112 -612 4172 2012 -529 2908 END
START 2780 -1168 4072 3680 -211 3374 END
START 2532 -1320 4964 4936 604 3730 END
START 2096 -1436 5940 5725 1079 4196 END
START 1188 -1860 6652 6472 1285 4847 END
START 300 -2864 7368 7293 1553 5230 END
START -552 -3620 8728 8081 1721 5133 END
START -1488 -4440 10744 8706 1770 4885 END
START -2652 -5124 12580 9210 1217 4347 END
START -3404 -5616 13388 9587 150 3350 END
START -3188 -5548 13800 9992 -112 2164 END
START -2352 -5364 15404 10054 132 1293 END
START -2020 -4836 16856 9735 79 932 END
START -2212 -4516 17016 9504 -105 1007 END
START -2496 -4980 17616 9550 -30 1148 END
START -3224 -5464 18788 9499 236 925 END
START -4192 -5856 19616 9218 332 509 END
START -4892 -6752 20356 8685 333 33 END
START -5316 -7636 21320 7892 512 -703 END
START -6164 -8208 22152 6943 724 -1809 END
START -7088 -8784 22704 6181 460 -3125 END
START -7376 -9192 22716 5417 -79 -4606 END
START -7760 -9080 22784 4439 -623 -6437 END
START -6764 -8280 22296 3563 -812 -8211 END
START -5600 -7756 22672 2760 -940 -9573 END
START -4104 -7208 22464 1915 -1090 -10561 END
START -2260 -6168 21968 1071 -1644 -11526 END
START -68 -5100 21024 661 -2102 -11984 END
START 1940 -3908 20452 292 -2230 -11843 END
START 3924 -2540 19784 -414 -2363 -11070 END
START 5864 -1900 19180 -1117 -2132 -9879 END
START 7444 -1320 18312 -1491 -2168 -8494 END
START 8960 -412 17212 -1575 -1873 -6857 END
START 9720 184 16484 -1577 -947 -4702 END
START 9584 692 15700 -1651 35 -2348 END
START 8648 212 15756 -1820 911 -374 END
START 7396 -144 15664 -2052 1489 1079 END
START 6368 -784 15908 -2270 1876 2102 END
START 5428 -1136 16488 -2466 1732 2849 END
START 4248 -1648 16868 -2642 857 3452 END
START 3348 -1956 17096 -2905 -322 3774 END
START 2272 -2376 16356 -3225 -1471 3891 END
START 1432 -3116 15272 -3239 -2166 3710 END
START 1364 -3904 14604 -2859 -2005 3477 END
START 1332 -3988 14280 -2277 -1394 3115 END