START -1300 -3720 11828 766 -1073 6093 END
START -1896 -4368 20900 41 -1118 5791 END
START -840 -5328 6508 1331 -2648 6074 END
START -2748 -5520 7792 2576 256 5376 END
START -4416 -5172 9448 3213 2035 3785 END
START -4868 -5080 10864 3132 1981 2056 END
START -5132 -4732 11640 3005 611 674 END
START -4496 -4920 10832 3416 -482 -104 END
START -4816 -4928 10400 4386 -866 -688 END
START -4804 -5268 10808 5440 -772 -1576 END
START -4712 -5620 12144 6218 -569 -2465 END
START -4972 -5868 13096 6672 -298 -3223 END
START -5220 -5984 14196 6872 241 -4188 END
START -4912 -5900 15588 6780 878 -5084 END
START -4420 -5820 17180 6314 1357 -5720 END
START -4004 -6016 18008 5463 1431 -6035 END
START -3656 -6552 18696 4972 1527 -6380 END
START -3808 -7052 19352 4774 1733 -6910 END
START -3776 -7444 20800 4483 1691 -7565 END
START -2872 -7560 21252 3963 1285 -8096 END
START -1860 -8140 21120 3268 1614 -8526 END
START -1056 -8416 21780 2413 2859 -9205 END
START -264 -7944 23116 1111 3533 -9907 END
START 928 -7484 23956 -145 3625 -10067 END
START 1748 -6816 23660 -1277 3417 -9998 END
START 2996 -6256 24040 -2453 3201 -9584 END
START 4228 -5776 24108 -3717 2841 -9045 END
START 5012 -5748 23400 -4811 2144 -8491 END
START 5800 -5256 21656 -5602 1830 -7956 END
START 6520 -4692 20292 -6311 2510 -7329 END
START 7564 -4568 19964 -7394 3983 -6620 END
START 8464 -3676 20628 -8632 4466 -5877 END
START 9516 -2368 19852 -9475 3293 -4621 END
START 10424 -1836 18480 -9344 1428 -2691 END
START 11176 -1988 17152 -8986 546 -491 END
START 11156 -1824 16032 -8947 287 1388 END
START 10748 -1644 14456 -8897 -356 3037 END
START 10328 -1404 12812 -8400 -757 4689 END
START 9344 -1356 11224 -7621 -932 6350 END
START 8332 -1600 10928 -6931 -562 7771 END
START 7216 -2156 10980 -6552 -584 8934 END
START 5924 -2492 10228 -6264 -788 9745 END
START 4864 -2316 9288 -5833 -935 10270 END
START 4228 -2660 9168 -5082 -1402 10751 END
START 3280 -2924 9080 -4055 -2096 11044 END
START 2108 -2792 8180 -2958 -2596 11351 END
START 752 -3028 7676 -1895 -2464 11727 END
START -288 -3732 7728 -1063 -1829 11808 END
START -1912 -4136 8644 -498 -1394 11469 END
START -3376 -4740 8640 143 -2190 10686 END
START -4180 -4908 7848 970 -2577 9756 END
START -4876 -5248 7856 1838 -2276 8616 END
START -5232 -4820 8308 2475 -1611 7589 END
START -5528 -4660 9260 2877 -1180 6972 END
START -6088 -4624 9496 3503 -1617 6647 END
START -6340 -5148 9212 4398 -1810 6122 END
START -6540 -5308 9668 5180 -1483 5127 END
START -6620 -5568 10468 5709 -1063 4020 END
START -6896 -5272 10960 6237 -610 3028 END
START -6644 -5148 11180 6867 -150 2215 END
START -6428 -5172 12784 7242 415 1544 END
START -6308 -5024 13820 7265 555 969 END
START -6116 -5028 13856 7487 434 464 END
START -6216 -4768 14980 7848 619 90 END
START -6652 -5208 16520 7988 918 -338 END
START -7828 -5460 17356 7887 1253 -720 END
START -8816 -6276 17968 7581 1367 -1341 END
START -9512 -7404 18372 7210 1578 -2377 END
START -9560 -8852 19240 6702 1808 -3869 END
START -9096 -9220 19412 6323 1674 -5615 END
START -8044 -9548 19712 5998 1842 -7302 END
START -6984 -9240 21124 5310 1983 -8841 END
START -5644 -8636 21252 4548 1334 -10288 END
START -3908 -7580 20992 4220 666 -11344 END
START -1764 -6436 20988 4015 266 -11810 END
START 484 -5372 21496 3275 303 -11827 END
START 2452 -4448 21248 2183 653 -11400 END
START 4496 -3732 20632 1026 1196 -10549 END
START 5896 -3244 20204 135 1657 -9470 END
START 6876 -2472 19588 -324 1451 -8088 END
START 7664 -2040 18272 -323 705 -6381 END
START 7904 -2176 17144 -201 613 -4596 END
START 7796 -2472 16340 -501 1337 -3055 END
START 7424 -2888 15624 -906 2402 -1828 END
START 6764 -2944 16132 -1222 2986 -945 END
START 5884 -2704 16688 -1397 2561 -181 END
START 5276 -2660 16832 -1329 1727 622 END
START 4340 -2732 17000 -1385 905 1146 END
START 3584 -2936 16508 -1475 256 1477 END
START 2632 -3112 16120 -1540 84 1733 END
START 1996 -3556 16304 -1699 -229 1882 END
START 1208 -3972 16700 -2128 -645 1855 END
START 604 -3956 16416 -2564 -1322 1707 END
START 808 -3684 16796 -2861 -1701 1748 END
START 2356 -3944 16640 -3070 -1339 2304 END