START 4968 -7596 17696 -55 2278 -1185 END
START 1192 -3828 7036 -1535 1595 -1342 END
START 5504 -7292 18336 -1069 -1235 -561 END
START 5916 -7500 15072 -1197 -1993 -20 END
START 6844 -7264 14784 -790 -2005 395 END
START 8316 -7256 14876 -833 -138 853 END
START 8512 -7140 15460 -1204 685 1546 END
START 8472 -6312 16312 -1874 1061 2357 END
START 8380 -6220 16768 -2884 969 3202 END
START 8264 -6212 15556 -3593 66 4059 END
START 7804 -5532 14360 -3490 -725 4866 END
START 7776 -5024 13292 -2845 -1572 5877 END
START 7424 -4348 12104 -2260 -1845 7319 END
START 7124 -4396 11556 -2080 -1527 8798 END
START 6372 -4612 11760 -2349 -1299 9851 END
START 5712 -4768 10400 -2676 -1357 10549 END
START 5052 -4968 8520 -2430 -1056 11050 END
START 4636 -5244 7128 -1440 166 11367 END
START 3408 -4924 7444 -296 1730 11692 END
START 2128 -5060 8172 700 1952 12009 END
START 568 -5332 8224 1658 1597 12329 END
START -868 -5792 8424 2751 1370 12433 END
START -2428 -6480 9064 3534 1578 12316 END
START -4740 -7264 9800 3936 1658 11590 END
START -6656 -8096 10392 4070 1324 10494 END
START -7564 -9276 10900 4118 684 8740 END
START -7812 -9228 11232 4131 653 6902 END
START -8136 -9196 11408 4248 586 5431 END
START -8796 -9980 11972 4614 553 4191 END
START -9588 -10612 12368 5061 175 2689 END
START -9764 -11032 12004 5623 -359 942 END
START -9932 -10936 12432 6246 -121 -967 END
START -9704 -11084 13664 6491 -164 -3089 END
START -8456 -10416 14504 6396 -334 -5057 END
START -7212 -9860 15432 6036 -422 -6586 END
START -6064 -9028 16024 5816 -798 -7818 END
START -4656 -8500 16356 5752 -1370 -8516 END
START -3148 -8152 16632 5803 -1639 -8859 END
START -1876 -8096 17636 5617 -1642 -9148 END
START -632 -8168 18264 5006 -1490 -9483 END
START 688 -8268 18304 4335 -962 -9815 END
START 1896 -7992 18748 3697 -422 -10087 END
START 3604 -8044 18396 3170 174 -10166 END
START 5060 -7416 19036 2754 1686 -9842 END
START 5876 -6784 20640 1783 2382 -9066 END
START 6292 -6884 21160 613 1837 -8145 END
START 6608 -6908 20400 -128 1370 -7668 END
START 6956 -6616 20612 -592 1114 -7620 END
START 7796 -6080 20708 -1203 584 -7382 END
START 8808 -5108 19836 -1879 -117 -6548 END
START 9436 -4464 19112 -2387 -728 -5227 END
START 9908 -4372 19160 -2803 -973 -3786 END
START 9952 -4272 18716 -3072 -1659 -2269 END
START 9784 -4056 17884 -3244 -2148 -688 END
START 9472 -4080 17224 -3589 -2434 660 END
START 9344 -4228 16392 -4065 -2572 1578 END
START 9264 -4024 14912 -4248 -2689 2408 END
START 9348 -3732 13816 -4118 -2802 3388 END
START 9144 -3552 13180 -3966 -2624 4453 END
START 8948 -3472 12420 -3834 -2261 5488 END
START 8392 -3132 11508 -3572 -1944 6604 END
START 7908 -3184 10736 -3101 -1894 7692 END
START 7308 -3172 10400 -2393 -1530 8688 END
START 6240 -3272 10904 -1813 -1443 9634 END
START 4756 -3784 11188 -1378 -1806 10311 END
START 3204 -4392 10704 -910 -2107 10507 END
START 1924 -4844 10400 -358 -1815 10141 END
START 1260 -4956 10172 9 -1428 9607 END
START 868 -4700 9952 263 -988 9266 END
START 448 -4740 9800 637 -363 9142 END
START -492 -4616 10992 993 88 9125 END
START -1472 -4656 11484 1304 -71 9133 END
START -2356 -4900 11532 1686 -763 9090 END
START -3400 -5436 11200 2131 -1436 8589 END
START -3972 -5640 10816 2604 -1313 7697 END
START -4620 -5952 10936 2945 -706 6966 END
START -5164 -6156 11456 3218 164 6345 END
START -5992 -6424 12012 3387 466 5863 END
START -6760 -6940 12468 3545 528 5410 END
START -7304 -7600 13148 3751 509 4655 END
START -7740 -8060 12684 4015 268 3613 END
START -7840 -8640 12604 4439 456 2406 END
START -7788 -9112 12804 4788 1324 923 END
START -7736 -8468 13044 5041 2423 -771 END
START -6964 -7864 14028 5114 3281 -2215 END
START -5928 -7020 15088 5138 3841 -3256 END
START -4636 -6084 15892 5162 3836 -3876 END
START -3560 -5252 16808 5243 3626 -4046 END
START -2968 -4840 17796 5382 3240 -3775 END
START -3068 -5008 18072 5412 2957 -3338 END
START -3556 -6104 18452 5277 2997 -3294 END
START -4240 -7008 18584 4933 2776 -4019 END
START -4280 -7928 18740 4645 2645 -5170 END
START -3716 -7880 18684 4241 2596 -6485 END
START -2328 -7408 18820 3773 2744 -7517 END
START -1136 -7004 19376 3268 2469 -8049 END
START 280 -6680 19696 2942 1771 -8346 END
START 1724 -6460 20156 2582 913 -8592 END
START 3140 -5716 20168 2159 111 -8783 END
START 4684 -5180 19624 1732 -223 -8733 END
START 6520 -4184 19408 1158 -7 -8278 END
START 7956 -3316 19348 412 81 -7383 END
START 8848 -2824 18596 -195 -44 -6152 END
START 9596 -2552 17720 -432 10 -4666 END
START 9644 -2648 17580 -566 388 -3117 END
START 9080 -2816 17304 -877 493 -1626 END
START 8024 -3244 17304 -1137 420 -470 END
START 6488 -3508 17080 -1464 66 316 END
START 5556 -3980 16700 -1616 -161 700 END
START 4540 -4152 16464 -1782 -169 997 END
START 3512 -4176 16196 -2083 -162 1261 END
START 2232 -4592 15880 -2375 -353 1302 END
START 1592 -5132 15856 -2532 -837 925 END
START 1208 -5508 15556 -2669 -1555 413 END
START 564 -5372 15020 -2680 -1979 -163 END
START 500 -5244 15388 -2867 -2326 -694 END
START 884 -4936 14968 -3051 -2630 -763 END
START 988 -4244 14544 -2944 -2499 -439 END