START -6160 -4352 17628 5368 446 1814 END
START -9184 -1308 8664 4331 1121 1588 END
START -5664 -4400 17632 5008 -1434 1800 END
START -7008 -5148 18060 4403 -373 1290 END
START -7488 -5440 18480 3512 762 121 END
START -7648 -6640 18936 2353 1440 -1420 END
START -7720 -6856 18364 1448 2150 -3386 END
START -7612 -5804 18584 974 2439 -5230 END
START -6596 -5108 19176 774 2435 -6162 END
START -6008 -4956 20096 378 1763 -6489 END
START -6028 -4740 20640 -151 743 -6830 END
START -5936 -5456 20836 -878 -305 -7366 END
START -6032 -5988 20184 -1448 -746 -8310 END
START -6044 -6220 20556 -2164 -359 -9692 END
START -5436 -5768 20752 -3279 17 -11086 END
START -4148 -3880 20536 -4281 468 -12035 END
START -2152 -2660 20840 -5434 965 -11820 END
START -1400 -2296 20980 -6725 1127 -10778 END
START -1604 -3052 20424 -7791 424 -10210 END
START -1688 -3728 19604 -8464 -354 -10293 END
START -1664 -4036 17832 -8703 -657 -10759 END
START -1360 -3824 17120 -8953 -428 -11359 END
START -528 -3196 16420 -9365 -122 -11274 END
START -48 -1928 15408 -9460 73 -10763 END
START 812 -1684 15100 -9549 372 -9714 END
START 832 -2088 15856 -9897 802 -8536 END
START 912 -2556 15348 -10653 606 -7712 END
START 1008 -2088 13556 -11039 858 -6846 END
START 1296 -2052 12744 -10768 900 -5784 END
START 1600 -2464 12752 -10351 1204 -4732 END
START 1756 -2644 13468 -10214 616 -3810 END
START 1484 -2232 10472 -9838 -333 -2738 END
START 1180 -1980 8348 -8548 -463 -1435 END
START 1412 -2660 8824 -7195 1187 -330 END
START 1332 -2224 9080 -6262 914 621 END
START 1576 -2400 8340 -4902 -429 1626 END
START 1780 -2868 8020 -2932 -1330 2820 END
START 1388 -3220 8208 -1376 -1912 3740 END
START 672 -3252 7712 -350 -1707 4465 END
START 572 -3372 7940 269 -830 5092 END
START -4 -3580 8796 489 -317 5661 END
START -576 -3816 8680 690 -204 6053 END
START -900 -4048 8388 1187 -31 6236 END
START -1160 -3988 7720 1990 263 6364 END
START -1584 -4300 8444 3045 556 6582 END
START -1968 -4740 9792 4017 393 6869 END
START -2724 -5380 10424 4580 27 6984 END
START -3684 -6056 9968 5097 -138 6622 END
START -4248 -6272 10832 5672 45 5790 END
START -3812 -6140 11648 6044 64 5180 END
START -3572 -5696 12848 6137 -3 4940 END
START -3400 -5300 13240 6000 -318 4850 END
START -3504 -5168 12904 5958 -227 4951 END
START -3684 -5280 13184 6222 -9 4923 END
START -4072 -5464 14080 6509 157 4575 END
START -4004 -5552 14876 6536 102 4148 END
START -4248 -5160 14900 6487 -150 3711 END
START -4132 -5480 15500 6609 -185 3337 END
START -3952 -5176 16512 6553 -250 2962 END
START -3640 -4648 17096 6193 -912 2918 END
START -3312 -4724 16776 5882 -1384 3021 END
START -3628 -4404 15744 5776 -1197 3010 END
START -3680 -4636 15628 5784 -138 3085 END
START -4120 -5000 16604 5503 686 3188 END
START -4236 -5260 17404 5006 1001 2974 END
START -4508 -5252 17764 4596 716 2818 END
START -5008 -5276 17484 4432 342 2602 END
START -5256 -5620 17644 4388 251 2019 END
START -5288 -5380 17588 4237 127 1358 END
START -5288 -4852 17592 4012 -124 990 END
START -5236 -4720 16792 4056 -28 802 END
START -4836 -4640 17108 4018 321 529 END
START -4796 -4492 17920 3556 109 220 END
START -4536 -4412 17464 3172 -479 12 END
START -4888 -4660 16700 3062 -679 -394 END
START -5108 -4660 15652 3160 -313 -973 END
START -5124 -4236 15812 3177 368 -1561 END
START -5288 -4084 16140 3143 665 -1898 END
START -5404 -4336 16480 3055 868 -2269 END
START -5016 -4180 16632 2859 745 -2807 END
START -4708 -4076 16480 2708 610 -3173 END
START -4480 -3576 16540 2684 584 -3440 END
START -3776 -3744 16956 2666 622 -3637 END
START -3652 -3348 17752 2372 332 -3684 END
START -3800 -3352 17092 2178 -221 -3779 END
START -3712 -3556 16700 2301 -30 -4064 END
START -3272 -3264 17160 2153 175 -4522 END
START -2364 -2800 17264 1807 412 -4486 END
START -1864 -2312 17748 1357 507 -4005 END
START -2180 -2500 17668 971 159 -3565 END
START -2180 -3024 17144 1021 -152 -3437 END
START -2260 -3036 17324 1100 -351 -3523 END
START -2472 -3112 17456 855 -752 -3747 END
START -2372 -2756 16640 531 -666 -3792 END
START -2248 -2524 16480 242 -192 -3672 END
START -1964 -2684 16616 -20 488 -3531 END
START -1764 -2560 17188 -368 329 -3297 END
START -1528 -2504 17052 -492 -211 -2975 END
START -1332 -2540 16632 -470 -877 -2729 END
START -1028 -2140 16500 -607 -1249 -2404 END
START -716 -1668 14180 -446 -974 -1707 END
START -948 -2180 15432 -215 558 -1046 END
START -1392 -2668 17224 -714 562 -1049 END
START -1488 -2564 16944 -1170 -169 -1119 END
START -1180 -2616 15912 -1033 -121 -927 END
START -1204 -2728 16600 -836 227 -738 END
START -916 -3060 17852 -1146 92 -607 END
START -816 -2696 17752 -1496 -333 -419 END
START -832 -2540 17612 -1684 -691 -24 END
START -940 -2840 18180 -1989 -934 308 END
START -1236 -2640 17252 -2268 -999 496 END
START -1664 -3260 16412 -2190 -309 611 END
START -2444 -3756 17968 -2511 -134 385 END
START -2468 -4084 18312 -3045 -678 -57 END
START -2172 -4012 17740 -3289 -1673 -443 END
START -1508 -3344 17388 -3238 -2667 -548 END
START -764 -2832 15716 -3050 -2965 -44 END
START -588 -3148 16348 -3021 -1807 563 END
START -876 -3724 17480 -3776 -1607 884 END
START -1096 -3968 17420 -4516 -1932 928 END
START -680 -4164 17064 -4706 -2342 943 END
START -16 -4556 18056 -4910 -2717 969 END
START 632 -4896 19412 -5577 -3670 1103 END
START 776 -4248 18336 -6247 -4719 1411 END
START 764 -3140 15016 -6076 -4850 2045 END
START 1052 -3504 14632 -4945 -3487 2731 END
START 1420 -3960 17640 -4654 -2251 3312 END
START 1680 -3216 18584 -5796 -2689 4066 END
START 1652 -2696 17544 -6903 -3410 5049 END
START 2208 -2752 16216 -7357 -3732 6007 END
START 2112 -2636 15436 -7517 -3662 7046 END
START 1760 -1808 13148 -7144 -4159 8151 END
START 1540 -2096 10924 -5963 -4095 9467 END
START 996 -2608 10580 -4590 -3304 10581 END
START 144 -3168 11164 -3582 -2417 11416 END
START -1652 -4436 12812 -3168 -2010 11450 END
START -2732 -5296 13028 -3309 -2631 10500 END
START -3020 -4864 11408 -3347 -2324 9430 END
START -3152 -4356 11032 -2755 -1367 8777 END
START -3556 -4144 11896 -2190 -703 8622 END
START -4164 -4132 12936 -1806 -682 8533 END
START -4880 -4084 13132 -1479 -1208 8517 END
START -6524 -4764 13064 -849 -1332 8227 END
START -8008 -6056 13764 -501 -1041 7137 END
START -9776 -6344 13508 -491 -849 5305 END
START -10452 -6708 13048 -448 -1255 3193 END
START -11204 -6532 12996 84 -1043 1070 END
START -12272 -6248 13184 785 -890 -708 END
START -13304 -6380 13388 1383 -883 -2149 END
START -14076 -6668 13616 1489 -933 -3852 END
START -14212 -6440 13392 1277 -851 -5909 END
START -13972 -6144 12880 1406 -682 -7826 END
START -13280 -6084 13884 1608 -703 -9606 END
START -12852 -5808 13808 1731 -1341 -11484 END
START -12024 -5464 12980 2122 -1462 -13386 END
START -11340 -5496 12704 2558 -932 -15250 END
START -10304 -5184 12444 3012 330 -17065 END
START -8700 -4776 14108 2981 1302 -18706 END
START -6400 -3908 15752 2427 885 -19912 END
START -3340 -2268 15916 2154 -735 -20543 END
START 332 -1232 14980 2523 -2277 -20255 END
START 4704 -616 15016 2945 -2447 -19360 END
START 8528 628 15384 2512 -1092 -17758 END
START 12236 1904 15988 1625 -40 -15346 END
START 14696 3108 16012 1129 1259 -11712 END
START 15404 3344 15316 1457 1595 -7164 END
START 14624 2608 15944 1898 1807 -2849 END
START 12420 872 16468 1926 1748 462 END
START 9072 -1464 16592 1865 2317 2174 END
START 6216 -3624 17676 1422 2667 2721 END
START 4560 -4652 18540 639 2613 2641 END
START 3252 -4736 18308 73 1933 2662 END
START 2068 -5000 17928 9 1127 2953 END
START 908 -5464 17836 54 641 3200 END
START -104 -5656 18096 -32 68 3026 END
START -1028 -5856 17988 -192 -932 2678 END
START -1384 -5832 17140 -272 -2039 2349 END
START -1712 -6164 16612 -367 -2456 1741 END
START -1436 -5812 16340 -701 -2598 912 END
START -440 -5252 16592 -1186 -2659 422 END
START 648 -4076 16252 -1635 -3078 653 END
START 1304 -3520 15676 -1572 -3750 1452 END