START -1732 -2588 12828 3033 221 4299 END
START -1436 -1380 12916 2276 -105 4207 END
START -1468 -3008 9244 3414 -3303 4479 END
START -2324 -3392 8760 4772 -3698 4194 END
START -2116 -4060 6616 6686 -3813 3481 END
START -1092 -4432 5984 8158 -2069 2492 END
START -356 -3804 6924 8447 656 1530 END
START 496 -2656 7612 7981 2425 1191 END
START 1300 -1964 8544 7840 3912 1790 END
START 864 -1412 9800 8121 4152 2948 END
START 216 -1296 10292 8918 3396 3895 END
START -360 -1804 10784 10055 2482 4642 END
START -1012 -2400 11248 11021 2223 4850 END
START -1692 -2936 12552 11337 2614 4650 END
START -2612 -3356 14452 10943 3175 4268 END
START -3368 -3420 16132 10297 2859 3720 END
START -3336 -3748 16564 10027 1512 3276 END
START -2664 -4164 16036 10255 658 2939 END
START -1616 -4420 16432 10721 608 2486 END
START -816 -4016 17380 10800 1235 2439 END
START -1168 -4056 19240 10303 1797 3020 END
START -2488 -4200 20720 9690 1819 3346 END
START -2984 -4940 21780 9029 1070 3047 END
START -2684 -6004 21600 8390 541 2495 END
START -2512 -6048 21808 7766 855 1868 END
START -1812 -5960 22596 6686 1505 1611 END
START -2008 -6240 24380 5399 2005 1641 END
START -2488 -6524 24832 4450 2262 1719 END
START -2696 -7228 25620 3709 2214 1664 END
START -3080 -7192 26556 2743 2138 1427 END
START -2980 -6788 26908 1441 2005 1233 END
START -2708 -6404 26996 -106 1895 1294 END
START -2756 -6768 27432 -1569 1591 1400 END
START -3240 -6624 27180 -2801 998 1227 END
START -2992 -6500 26620 -3818 -255 863 END
START -2380 -5716 25228 -4766 -979 775 END
START -1976 -5084 23536 -5462 -1028 1012 END
START -2044 -4824 22920 -6201 -414 1336 END
START -2020 -4940 22308 -7248 -201 1478 END
START -2212 -4748 20564 -8089 -110 1508 END
START -2216 -4808 19240 -8486 -100 1438 END
START -2104 -4620 18520 -8545 116 1276 END
START -2260 -3952 17904 -8647 -215 1367 END
START -2712 -3892 16392 -8575 -159 1611 END
START -3316 -4252 15872 -8641 369 1629 END
START -3928 -4440 15700 -9034 648 1207 END
START -4096 -4348 14964 -9350 757 608 END
START -4080 -4216 14516 -9386 722 195 END
START -4236 -4132 13700 -9233 618 -122 END
START -4776 -3944 13392 -8825 437 -600 END
START -5112 -3908 12872 -8327 -57 -1023 END
START -5888 -3824 12520 -7728 -384 -1535 END
START -6420 -4064 12796 -7347 -831 -2324 END
START -6956 -4124 12092 -7250 -1090 -3067 END
START -7180 -3992 11940 -7169 -1065 -4009 END
START -7236 -4228 11880 -7073 -1092 -4906 END
START -6892 -3920 11976 -6886 -1612 -5541 END
START -6804 -3676 11516 -6516 -2399 -6088 END
START -6352 -3504 10600 -5861 -2782 -6595 END
START -6092 -3264 10488 -5090 -2659 -7144 END
START -6064 -3280 10968 -4634 -2651 -7744 END
START -5732 -3428 11216 -4290 -2912 -8306 END
START -5308 -3424 10824 -3918 -3148 -8801 END
START -4540 -3536 10212 -3397 -3491 -9277 END
START -4040 -3184 9376 -2697 -3043 -9265 END
START -4132 -3364 9968 -2173 -2674 -9140 END
START -3696 -3756 9720 -1851 -2583 -9155 END
START -3148 -4040 9308 -1501 -2310 -9311 END
START -2748 -4328 8464 -925 -1901 -9432 END
START -2316 -4696 8928 -304 -1199 -9726 END
START -1872 -4648 9016 334 -1157 -10139 END
START -1416 -4160 8832 1149 -1090 -10533 END
START -244 -3856 9132 2055 -1268 -10748 END
START 956 -3576 9168 2716 -908 -10702 END
START 2028 -3548 9400 3101 -617 -10564 END
START 3088 -3432 9164 3456 -612 -10313 END
START 4148 -2776 9104 3949 -103 -9951 END
START 5032 -2764 9412 4544 192 -9294 END
START 5964 -2764 9476 5226 253 -8603 END
START 6384 -2708 9784 5964 306 -7826 END
START 6816 -3084 9944 6657 389 -7004 END
START 7476 -3488 11020 7135 909 -6208 END
START 7740 -3664 12452 7259 741 -5565 END
START 8452 -4248 12600 7441 249 -4953 END
START 8616 -4464 13188 7777 365 -4187 END
START 8320 -5028 14400 7890 580 -3565 END
START 8312 -5652 15064 7710 627 -3126 END
START 8876 -5960 16148 7436 328 -2844 END
START 9748 -5440 16372 7332 -450 -2599 END
START 11072 -4900 16624 7518 -1163 -1983 END
START 12496 -3920 16812 7859 -2064 -575 END
START 13468 -3364 17544 7995 -2011 1503 END
START 13436 -3280 18244 7828 -1420 3751 END
START 12592 -3200 19576 7252 -781 5825 END
START 11548 -3892 20668 6403 -600 7519 END
START 10196 -4696 21796 5542 -474 8636 END
START 8848 -4772 22760 4627 -811 9321 END
START 7584 -4460 22648 3810 -1294 9757 END
START 6892 -4212 22620 3069 -1507 10278 END
START 5920 -3752 22944 2290 -1750 10807 END
START 4216 -3456 22556 1559 -1979 11610 END
START 2112 -3664 22292 898 -1797 12402 END
START -476 -4612 22408 255 -1359 12627 END
START -4056 -5160 22440 -514 -1105 12104 END
START -6612 -5556 21200 -1110 -2621 10642 END
START -7488 -6008 19128 -1289 -4108 8787 END
START -7944 -5688 16832 -1172 -4034 7318 END
START -8928 -5300 16320 -1033 -3105 6334 END
START -9692 -5664 16620 -1168 -2905 5151 END
START -9776 -5860 16296 -1363 -3198 3629 END
START -8920 -5468 15324 -1432 -3177 1913 END
START -7376 -4740 14064 -1262 -2463 339 END
START -5812 -3832 14060 -1097 -1055 -666 END
START -4500 -3132 14760 -1198 -247 -1334 END
START -2992 -2308 14552 -1127 76 -1385 END
START -1976 -2404 14748 -823 484 -1023 END
START -1420 -2568 15396 -558 840 -823 END
START -860 -2832 15924 -457 685 -940 END
START -48 -2592 16056 -336 588 -1086 END
START 816 -2540 16696 -323 369 -1173 END
START 1280 -2580 17248 -651 58 -1119 END
START 1800 -2736 17184 -1239 -276 -1051 END
START 2184 -2812 16728 -1786 -518 -984 END
START 3072 -3264 15980 -2123 -840 -706 END
START 3344 -3556 15056 -2027 -228 -230 END
START 3188 -3700 14436 -1591 625 192 END