START -6220 -6452 12080 1498 -67 1519 END
START -6900 -7936 26516 621 -263 1025 END
START -6276 -5744 9400 2048 -1469 755 END
START -5792 -6160 8012 3064 1360 -230 END
START -5916 -5308 8612 4086 2618 -1141 END
START -5668 -4652 9120 4823 3270 -1569 END
START -5536 -4368 10448 5236 3223 -1958 END
START -5164 -3780 10840 5411 2850 -2372 END
START -5404 -2916 10696 5675 2118 -2826 END
START -5636 -2100 10244 6209 1410 -3142 END
START -4536 -2380 10784 6615 805 -3398 END
START -3404 -2512 11108 6578 581 -3459 END
START -2396 -2028 10236 6490 104 -3472 END
START -1796 -1924 8364 7039 176 -3095 END
START -1084 -2444 8800 8116 1395 -2638 END
START -1336 -2320 10704 8967 1971 -2467 END
START -1472 -1868 12084 9428 1373 -2173 END
START -1492 -2416 13368 9752 72 -1904 END
START -820 -3004 13092 10083 -731 -1898 END
START -364 -3168 12472 10393 -168 -1887 END
START 136 -3508 13784 10511 1237 -1697 END
START -124 -3656 16024 10109 2052 -1450 END
START -244 -3604 17232 9742 1792 -1517 END
START 348 -3700 17364 9668 1520 -1315 END
START 808 -4132 18272 9711 1723 -896 END
START 1032 -4468 20032 9364 1974 -556 END
START 1252 -4476 21296 8552 1890 -146 END
START 1040 -4456 22132 7607 1552 520 END
START 384 -4452 22208 6747 1061 1138 END
START -388 -4772 21984 6288 755 1416 END
START -672 -5448 21940 5939 860 1458 END
START -832 -5864 22932 5358 1002 1282 END
START -820 -6184 23232 4435 801 1145 END
START -1312 -6060 23072 3666 875 1133 END
START -1844 -6324 23872 3079 960 1173 END
START -2404 -6392 24496 2448 897 1102 END
START -3444 -5880 24764 1610 335 1036 END
START -3960 -5792 24576 695 -321 1104 END
START -4612 -6164 24364 -346 -499 1095 END
START -4808 -6780 23716 -1370 -390 642 END
START -5612 -6640 23352 -2196 -164 -84 END
START -6060 -6596 23524 -2919 -226 -759 END
START -6052 -6508 23088 -3776 -630 -1490 END
START -5492 -6344 21932 -4424 -601 -2289 END
START -4676 -6056 20800 -4875 -305 -2950 END
START -3792 -5560 21448 -5258 378 -3469 END
START -3328 -5108 22872 -6062 147 -3714 END
START -3496 -4384 22964 -7049 -897 -3933 END
START -3104 -4104 21984 -7550 -1888 -4088 END
START -3008 -4040 21380 -7860 -2495 -4239 END
START -3028 -3744 19956 -8222 -2974 -4369 END
START -3588 -3768 18480 -8597 -2584 -4453 END
START -3920 -4164 18604 -9204 -2259 -4771 END
START -4420 -4260 18660 -9925 -2806 -5413 END
START -4380 -4036 17012 -10304 -3806 -5929 END
START -4176 -3892 14592 -10384 -4228 -6293 END
START -3920 -3760 12680 -10161 -3683 -6573 END
START -3368 -4600 11884 -9789 -2984 -7062 END
START -3148 -4276 11176 -9448 -3003 -7705 END
START -2392 -3428 9280 -8640 -3208 -8228 END
START -1204 -3108 8664 -7382 -2741 -8355 END
START -164 -2740 9472 -6304 -2458 -8005 END
START 552 -2452 9188 -5627 -2680 -7307 END
START 928 -2352 8920 -5093 -2790 -6576 END
START 1748 -2424 8084 -4499 -2450 -5923 END
START 2556 -2188 7792 -3628 -1287 -5266 END
START 2964 -2200 8936 -2805 -461 -4475 END
START 3644 -1952 9088 -2193 -36 -3569 END
START 3732 -1860 9440 -1658 423 -2506 END
START 4140 -2148 10148 -1180 867 -1495 END
START 4420 -2300 11224 -896 1109 -311 END
START 4060 -2428 11816 -760 841 1024 END
START 3328 -3404 11360 -442 562 1919 END
START 2620 -3984 11020 32 878 2386 END
START 2136 -4428 11368 424 1344 2575 END
START 1544 -5092 12796 668 1623 2718 END
START 1044 -5820 13732 692 1129 2781 END
START 372 -6220 14456 644 385 2625 END
START -332 -6716 14904 511 -460 2284 END
START -772 -7160 15440 550 -1544 1721 END
START -176 -7264 15384 711 -2629 1032 END
START 948 -7196 15464 943 -3283 830 END
START 2288 -6588 15516 1150 -3442 1143 END
START 3116 -5484 15588 1302 -3019 2107 END