START -2560 -3636 10932 3899 -948 6633 END
START -2496 -4512 19488 3253 -793 6512 END
START -1632 -5824 6576 4984 -2551 6722 END
START -3192 -5192 9172 6056 -547 6280 END
START -3500 -4940 10836 6264 287 5313 END
START -3332 -5336 11720 5731 461 4647 END
START -3140 -5076 12264 5214 245 3937 END
START -3064 -4712 12100 5104 309 3418 END
START -3024 -4384 12540 5212 130 3213 END
START -3104 -4564 13184 5685 -331 3269 END
START -3604 -5296 13776 6119 -945 3339 END
START -4420 -5804 13496 6519 -1391 2849 END
START -4632 -5964 13560 7047 -880 1739 END
START -4492 -6348 14924 7154 -351 650 END
START -4168 -6124 15772 6927 -532 -171 END
START -3848 -5764 15344 6753 -745 -727 END
START -3388 -5940 15564 6842 -398 -833 END
START -3496 -6256 16464 6901 243 -949 END
START -3400 -6384 16904 6643 1131 -1011 END
START -3656 -6608 18332 6046 1957 -1063 END
START -4116 -7468 19556 5251 2186 -1184 END
START -4552 -8308 20200 4584 2333 -1639 END
START -4916 -9052 21020 4062 2508 -2372 END
START -5076 -9152 22240 3343 2878 -3057 END
START -5412 -9208 23460 2193 2989 -3577 END
START -5460 -9600 23964 995 2521 -4085 END
START -5284 -9528 23720 19 2071 -4869 END
START -4832 -9140 23520 -845 2014 -5688 END
START -4140 -8876 23556 -2023 1859 -6367 END
START -3384 -8056 22876 -3238 1387 -7011 END
START -2236 -7088 21944 -4359 1183 -7402 END
START -804 -5948 20768 -5326 1114 -7278 END
START -60 -5360 20052 -6107 850 -6971 END
START 532 -4568 18044 -6467 273 -6622 END
START 1096 -3940 16616 -6483 -106 -6177 END
START 1884 -3564 15732 -6587 -210 -5587 END
START 2252 -2940 14564 -6803 -499 -4860 END
START 2760 -2156 12192 -6629 -1056 -3947 END
START 3240 -1464 10144 -5870 -843 -2765 END
START 3516 -1296 9384 -5178 159 -1441 END
START 3304 -1304 8804 -4605 567 -101 END
START 3136 -1324 8160 -3899 743 1013 END
START 2648 -1496 7412 -3012 740 1855 END
START 2148 -1704 6800 -1979 1007 2393 END
START 1288 -1804 6416 -729 1232 2659 END
START 980 -2052 6328 552 1369 2693 END
START 592 -2052 6888 1569 1551 2666 END
START 516 -1684 7604 2382 1497 2713 END
START 652 -1464 7924 3133 1358 3022 END
START 384 -1236 8488 3926 1376 3546 END
START 44 -1536 9732 4623 882 4058 END
START -296 -2168 10408 5233 262 4361 END
START -756 -2320 10992 5877 -409 4311 END
START -944 -2900 11108 6534 -743 4048 END
START -520 -3448 11960 7033 -504 3663 END
START -120 -3720 12448 7304 -453 3291 END
START 672 -3224 12624 7530 -62 2885 END
START 1928 -2616 13380 7620 783 3186 END
START 2516 -2392 15008 7408 1938 4430 END
START 1924 -2552 16892 6923 2228 5890 END
START 1088 -3624 17840 6529 1602 7032 END
START -16 -4496 18796 6531 223 7425 END
START -260 -5140 19360 6720 -907 7330 END
START -712 -5296 20480 6724 -1382 7221 END
START -944 -5448 21528 6146 -1699 7372 END
START -1076 -5364 21988 5286 -2013 7668 END
START -1368 -5172 22216 4335 -2127 8089 END
START -1784 -5720 21792 3706 -1760 8593 END
START -2884 -5632 22216 3184 -955 8973 END
START -4020 -6008 23168 2201 -460 9128 END
START -5172 -6804 23476 840 -91 8957 END
START -6340 -7240 23624 -448 37 8262 END
START -7464 -7812 23260 -1491 156 7128 END
START -8548 -7372 22824 -2276 119 5757 END
START -9248 -7052 22332 -2966 -431 4487 END
START -9512 -6692 21516 -3514 -441 3499 END
START -9744 -6968 21048 -4115 -473 2569 END
START -10124 -7140 20424 -4463 -403 1384 END
START -10740 -6664 20320 -4699 -702 -183 END
START -10644 -6136 20320 -5024 -1872 -1671 END
START -9652 -5088 19368 -5739 -3187 -2894 END
START -8520 -4316 17728 -6502 -3676 -3509 END
START -7760 -4004 15172 -6711 -3112 -3905 END
START -7588 -3936 14068 -6352 -1608 -4466 END
START -7700 -3988 14220 -6119 -681 -5192 END
START -7804 -3740 13980 -6019 -341 -6025 END
START -7756 -3736 13860 -5958 -101 -6833 END
START -7524 -3460 13484 -5730 57 -7632 END
START -7256 -3348 13516 -5465 86 -8266 END
START -7136 -3220 13284 -5046 -307 -8831 END
START -6368 -2964 12484 -4428 -546 -9421 END
START -5872 -2612 11684 -3828 -251 -9777 END
START -5656 -2632 11572 -3407 500 -10158 END
START -5224 -3252 12148 -3230 887 -10746 END
START -4584 -3072 11992 -3103 576 -11534 END
START -3156 -2480 11284 -2446 170 -12181 END
START -1656 -1872 11260 -1659 116 -12306 END
START -220 -1328 11344 -1004 179 -11779 END
START 596 -1244 11652 -478 -64 -10798 END
START 1372 -1812 12096 -3 -421 -9914 END
START 2028 -1776 11548 553 -770 -9320 END
START 2760 -2028 11724 1233 -656 -8861 END
START 3924 -2024 12200 1564 -41 -8191 END
START 4768 -1880 13312 1451 381 -7195 END
START 4948 -1820 13372 1187 561 -5956 END
START 5564 -2164 13316 1136 740 -4803 END
START 6084 -2364 12824 1321 1251 -3759 END
START 6812 -2172 13360 1605 2296 -2551 END
START 7056 -2040 14640 1619 3171 -927 END
START 6456 -2424 15592 1357 3269 865 END
START 5124 -3024 16200 1187 2948 2364 END
START 3812 -4052 16848 1224 2411 3496 END
START 2616 -4648 17752 1118 1448 4217 END
START 1692 -5112 17784 899 329 4657 END
START 860 -5340 18024 606 -987 4799 END
START 760 -5796 17360 369 -1963 4859 END
START 568 -6168 16980 357 -2015 4969 END
START 240 -6472 16688 506 -1920 4920 END
START -52 -6420 16220 696 -1443 4840 END