START -4348 -8292 14788 553 -536 -1263 END
START -4644 -9836 24796 -274 -1 -1521 END
START -3252 -9576 9836 594 -733 -1390 END
START -4976 -8704 11936 711 1869 -1513 END
START -5980 -8376 12856 846 2353 -2352 END
START -5928 -8404 13476 905 1872 -3242 END
START -6188 -9004 14220 986 808 -4041 END
START -6708 -8824 13736 997 -398 -5087 END
START -6992 -8880 12788 1232 -968 -6343 END
START -7552 -8996 12628 1669 -789 -7886 END
START -7128 -8564 12904 1886 -854 -9367 END
START -5992 -8408 12584 1960 -704 -10199 END
START -4444 -8224 12508 1820 -144 -10529 END
START -3264 -7788 12712 1624 612 -10498 END
START -3248 -7388 12700 1777 1111 -10397 END
START -2944 -7264 13272 2141 1058 -10314 END
START -2156 -7620 14128 2365 374 -10551 END
START -1076 -7648 13952 2595 -147 -10715 END
START -96 -7308 13452 2858 41 -10625 END
START 940 -7156 14288 2797 899 -10462 END
START 1968 -6852 15552 2438 1054 -10241 END
START 3188 -6352 16156 2044 1069 -9702 END
START 4292 -5908 17052 1707 759 -8783 END
START 5376 -5832 17920 1285 396 -7832 END
START 6484 -5556 18528 852 -537 -6951 END
START 7608 -5436 18676 577 -1411 -5718 END
START 8212 -5336 18564 241 -1917 -4193 END
START 8520 -5200 18472 -286 -1862 -2610 END
START 8064 -5296 18824 -1079 -1560 -1146 END
START 7580 -5528 17880 -1921 -1294 205 END
START 7336 -5976 17572 -2722 -856 1327 END
START 6756 -6216 17420 -3455 -831 2141 END
START 6440 -6564 16876 -3805 -1129 2797 END
START 6376 -6500 15932 -3873 -1273 3358 END
START 5472 -6132 15288 -3838 -1524 3960 END
START 4808 -6396 14936 -3724 -1968 4524 END
START 3792 -6448 13836 -3498 -2161 5013 END
START 2988 -6892 13320 -3394 -1863 5112 END
START 2296 -6744 13276 -3576 -1644 5163 END
START 1836 -6528 12348 -3668 -1527 5412 END
START 936 -6788 12276 -3673 -1297 5823 END
START 220 -7308 11340 -3626 -1299 5972 END
START -992 -7564 11192 -3468 -1536 5624 END
START -1584 -7628 10248 -2875 -2330 4980 END
START -1884 -7048 8500 -1798 -2635 4354 END
START -1748 -7008 8592 -728 -2291 3775 END
START -1548 -6516 8600 -245 -2121 3394 END
START -1104 -5960 7944 71 -1815 3240 END
START -800 -5744 7536 469 -1380 3302 END
START -332 -5480 6564 960 -957 3375 END
START -276 -5176 5628 1666 171 3588 END
START -508 -5300 5764 2418 1249 3773 END
START -1112 -5240 6680 3167 1537 3731 END
START -1928 -5132 6816 4079 990 3548 END
START -2796 -5048 6920 5269 346 3129 END
START -3400 -5332 7688 6346 -151 2476 END
START -3464 -5540 7852 7152 -496 1580 END
START -2932 -5832 7948 7840 -141 692 END
START -2592 -5632 9568 8286 596 141 END
START -2696 -5460 11208 8327 954 -6 END
START -2620 -5748 12432 8319 643 -49 END
START -2316 -6252 13148 8358 395 -281 END
START -1644 -6856 13848 8518 455 -678 END
START -1116 -6800 14988 8714 494 -1036 END
START -268 -6696 16424 8805 809 -1072 END
START -140 -6952 18220 8680 957 -906 END
START 100 -7452 20308 8293 1021 -667 END
START 252 -7600 21880 7692 847 -617 END
START 412 -7708 23540 6943 683 -753 END
START 824 -7632 24572 5976 324 -678 END
START 1356 -7552 25516 4863 -141 -594 END
START 2256 -7112 25520 3558 -436 -297 END
START 3384 -6472 25220 2194 -604 128 END
START 4608 -6004 24352 1075 -737 763 END
START 5628 -5368 23564 257 -773 1767 END
START 6120 -4808 23072 -431 -831 3053 END
START 6400 -4456 22052 -1027 -1146 4481 END
START 6516 -4316 20688 -1438 -1054 6150 END
START 5488 -4516 20424 -1852 -823 7732 END
START 3772 -5300 19748 -2260 -917 8894 END
START 2420 -6428 18864 -2700 -1195 9287 END
START 1416 -6784 17572 -3001 -1598 8829 END
START 884 -6432 15520 -2955 -1784 8256 END
START 584 -6124 14052 -2592 -1275 7868 END
START 240 -6012 13980 -2447 -330 7846 END
START -524 -5912 14524 -2635 101 7916 END
START -1752 -6100 15196 -2805 -493 7755 END
START -2572 -6020 14896 -2504 -1582 7328 END
START -3240 -6028 13984 -1949 -2340 6774 END
START -3920 -6236 13516 -1661 -2425 5907 END
START -4288 -6156 12792 -1553 -1926 4965 END
START -4584 -6140 12884 -1661 -1105 4265 END
START -5568 -6160 12696 -1802 -884 3502 END
START -6136 -6324 12532 -1434 -1113 2615 END
START -6756 -6228 12184 -607 -1713 1440 END
START -6556 -5760 11836 356 -1836 353 END
START -6712 -5396 12344 818 -1575 -424 END
START -7224 -5368 13148 866 -1203 -1268 END
START -7676 -5908 13576 717 -624 -2368 END
START -7816 -5968 13504 676 -296 -3551 END
START -7768 -5520 13860 782 246 -4520 END
START -7800 -5284 14344 964 604 -4956 END
START -8472 -5420 15256 1147 890 -5142 END
START -9712 -6100 16256 1131 474 -5857 END
START -10352 -6720 16304 1006 -300 -7061 END
START -11036 -7100 15876 1065 -698 -8711 END
START -10976 -7348 15848 1081 -657 -10576 END
START -9868 -7428 15396 900 -672 -12731 END
START -8092 -6660 14304 883 -466 -14608 END
START -6400 -6192 13744 1177 303 -15943 END
START -4612 -5144 14604 1335 1000 -17012 END
START -2300 -4316 15340 1283 948 -17847 END
START 24 -2864 15732 1204 322 -18134 END
START 2736 -1960 14736 1434 -306 -17684 END
START 5488 -1540 14740 1910 256 -16600 END
START 7564 -916 15008 2004 1459 -15330 END
START 8988 -152 15580 1640 2320 -13810 END
START 10164 364 15508 1033 2996 -11868 END
START 10972 184 16308 449 3572 -9933 END
START 11460 388 16432 279 3293 -8148 END
START 11848 236 16044 449 2803 -5954 END
START 11468 -88 16040 753 2564 -3630 END
START 10304 -972 16780 795 2150 -1796 END
START 9008 -1832 17080 648 1843 -451 END
START 7880 -2712 17056 375 1769 569 END
START 6652 -3240 17352 -63 1693 1215 END
START 5712 -3860 17600 -463 1300 1691 END
START 4708 -4212 16720 -659 717 2069 END
START 3612 -4752 16008 -613 579 2147 END
START 3160 -5140 15760 -608 666 2023 END
START 2616 -4796 15748 -803 819 1994 END
START 2308 -5020 15808 -976 605 2192 END
START 1164 -5444 15948 -936 50 2289 END
START 208 -5892 15724 -624 -902 2029 END
START -8 -6080 15616 -314 -1534 1251 END
START 120 -5748 15880 -279 -1949 399 END
START 664 -5116 16028 -535 -1906 -142 END
START 948 -4892 16440 -1089 -1850 -544 END
START 1108 -4332 16660 -1729 -2019 -752 END
START 1772 -3988 16676 -2138 -2559 -671 END
START 2468 -3752 15628 -2002 -2855 26 END
START 2756 -3760 15232 -1275 -2754 1254 END