START 4288 -2984 14572 -944 718 753 END
START 1060 368 6844 -2061 606 470 END
START 4440 -4828 12148 -1513 -132 351 END
START 4968 -4760 15440 -1756 768 249 END
START 4948 -3780 16528 -2535 857 -497 END
START 5740 -3108 16980 -3574 43 -875 END
START 7508 -2536 16876 -4247 -446 -387 END
START 8508 -1612 17512 -4939 -1193 803 END
START 9580 -924 16900 -5658 -2437 2382 END
START 10060 -556 14932 -5996 -2862 4502 END
START 9684 -844 11932 -5493 -2482 6669 END
START 9924 -1900 10556 -4661 122 8213 END
START 9348 -1760 11084 -4515 2402 9132 END
START 9340 -1116 11932 -5160 3702 10107 END
START 9236 -760 12224 -5573 3751 11776 END
START 8392 -492 11804 -5222 3245 13725 END
START 6948 -900 11892 -4651 2424 15629 END
START 4440 -1668 11424 -4096 595 16809 END
START 1752 -1532 8396 -2887 -1129 17267 END
START 728 -3116 6820 -1377 -942 17350 END
START -548 -4368 7632 -516 223 16850 END
START -1588 -4640 8228 -170 1173 15913 END
START -2824 -4928 8872 358 1293 15242 END
START -3832 -5176 9764 1076 827 14481 END
START -4992 -5280 10084 1855 -91 13442 END
START -5716 -5168 10328 2591 -1063 12298 END
START -6084 -5084 10332 3371 -1884 11550 END
START -6912 -5652 11000 3899 -1974 10989 END
START -7228 -6628 11288 4090 -1857 10181 END
START -7496 -7040 11360 4178 -1620 8828 END
START -7460 -7168 10996 4395 -1294 7381 END
START -7264 -6692 11344 4854 -589 6110 END
START -7008 -6496 12576 5278 -32 5444 END
START -6880 -6844 13456 5541 56 5147 END
START -7332 -7284 14260 5700 -280 4559 END
START -7292 -7476 14372 5785 -718 3556 END
START -7468 -7152 14992 5702 -689 2740 END
START -7384 -7708 15516 5633 -303 2186 END
START -7848 -8316 15492 5754 707 1372 END
START -7984 -8212 16480 5566 1843 -89 END
START -7732 -8304 17484 5120 2147 -1566 END
START -7064 -8120 17424 4813 1624 -2688 END
START -6688 -7540 16968 5041 1613 -3517 END
START -6332 -7488 17968 5193 1497 -4358 END
START -5884 -7168 19260 4951 949 -5349 END
START -5308 -6368 19208 4568 32 -6109 END
START -4376 -6020 18664 4336 -92 -6637 END
START -3576 -5676 18676 3896 591 -6970 END
START -2704 -5788 19092 2984 1031 -6986 END
START -2496 -6140 18076 2132 1339 -6981 END
START -2740 -6504 17712 1791 1697 -7256 END
START -3408 -6832 18116 1689 1672 -8171 END
START -3228 -6872 18572 1657 879 -9566 END
START -2612 -5636 18308 1483 -214 -10687 END
START -1476 -4356 17356 1268 -573 -11177 END
START -176 -3604 16632 921 -707 -11037 END
START 204 -3376 15840 685 -468 -10612 END
START 48 -3660 15392 573 -575 -10513 END
START 356 -3816 14104 758 -510 -10839 END
START 860 -3264 14008 1030 -88 -11209 END
START 1364 -2464 13788 1094 182 -11307 END
START 1968 -1584 13760 1119 -39 -11234 END
START 2948 -784 13236 1357 -770 -10812 END
START 4068 -584 11620 2098 -1168 -9918 END
START 4372 -596 11180 2906 -565 -8918 END
START 4560 -1048 11468 3370 72 -8285 END
START 4648 -1180 12072 3536 229 -7990 END
START 5416 -928 11892 3823 114 -7792 END
START 6532 -136 11664 4401 -191 -7153 END
START 8388 204 11580 5227 131 -5633 END
START 9028 224 12300 5604 1175 -3602 END
START 8828 -156 13096 5851 1296 -1779 END
START 8264 -1024 14724 6264 1056 -625 END
START 8324 -1372 16580 6611 522 43 END
START 8376 -1492 17716 6505 102 783 END
START 8556 -1532 18396 5940 307 1769 END
START 8492 -1872 18600 5101 1008 2848 END
START 7480 -2060 19292 4291 1785 3926 END
START 6932 -2436 19528 3750 1661 4723 END
START 6508 -2856 19556 3579 705 5463 END
START 5656 -3112 19048 3622 43 6046 END
START 5012 -3316 18492 3548 -144 6504 END
START 4480 -3688 19068 3105 146 6818 END
START 3620 -3692 19072 2355 229 7036 END
START 2944 -3700 18096 2017 146 7209 END
START 2644 -3964 18216 1935 462 7300 END
START 2460 -3724 19108 1721 475 7260 END
START 2356 -3316 19740 1351 484 7358 END
START 1952 -2992 19892 1060 258 7590 END
START 1460 -2780 20796 892 225 7797 END
START 960 -3060 22096 607 136 8059 END
START 276 -3184 22460 160 -526 8174 END
START 4 -3292 22328 -476 -1109 8083 END
START 248 -3276 22768 -1274 -1037 7911 END
START -184 -3296 24140 -2392 -1156 7829 END
START -988 -3056 24860 -3654 -1760 7908 END
START -3404 -2612 22256 -4190 -3096 8130 END
START -4400 -4524 21068 -4042 -2975 7669 END
START -5840 -5092 22304 -4463 -2585 6106 END
START -6308 -4416 22108 -5732 -2999 4186 END
START -5864 -3536 20088 -7028 -4007 2957 END
START -5748 -2580 17132 -7457 -4497 2189 END
START -5404 -2476 14128 -7129 -4526 1656 END
START -5648 -2252 10568 -6026 -4324 1085 END
START -5248 -2312 9036 -4928 -3782 208 END
START -4320 -1972 7748 -4128 -3115 -615 END
START -2684 -1440 6996 -3262 -1678 -1213 END
START -1380 -808 7316 -2393 -197 -1290 END
START 32 -200 8416 -1625 584 -889 END
START 772 272 9512 -978 1062 -199 END
START 1208 312 10436 -295 1406 665 END
START 1164 -192 12004 218 1627 1363 END
START 968 -576 13660 364 1756 1787 END
START 644 -1264 14640 287 1806 2003 END
START -232 -2356 15352 33 1898 2050 END
START -716 -3412 16952 -424 1837 1506 END
START -724 -3720 18268 -1291 788 557 END
START -120 -3244 17388 -1938 -392 131 END
START 552 -3200 16196 -1651 -1359 335 END