START 8700 -4200 17028 49 -527 1707 END
START 7948 -5088 27044 -1245 -201 1885 END
START 6728 -5632 18232 -998 -1668 2431 END
START 6208 -6940 16664 -2125 284 2158 END
START 5304 -7416 16584 -3002 1083 593 END
START 5620 -6592 17980 -3883 1461 -1239 END
START 6800 -5052 19004 -4914 292 -2190 END
START 8536 -3636 19080 -5551 -1408 -1955 END
START 9732 -2008 18124 -6033 -2932 -518 END
START 10776 -1808 16272 -6274 -3675 1290 END
START 11096 -2152 15896 -6432 -2658 2899 END
START 10344 -2020 15900 -6928 -2476 3769 END
START 10192 -1504 15320 -7401 -2581 4299 END
START 10220 -864 13984 -7776 -2630 5073 END
START 10544 92 12596 -7873 -2536 5939 END
START 10652 544 11504 -7818 -1811 7186 END
START 10320 880 10264 -7653 -915 8794 END
START 9408 740 9856 -7536 -444 10231 END
START 8376 584 8580 -7225 -626 11358 END
START 7196 280 7432 -6273 -880 12121 END
START 5812 -200 6400 -4869 -1215 12572 END
START 4528 -592 5580 -3451 -1340 12936 END
START 3460 -1024 5456 -2169 -1215 12829 END
START 2732 -1376 5008 -950 -765 12435 END
START 1976 -1388 5860 161 -493 12086 END
START 1012 -1600 6328 1285 -837 11824 END
START -8 -1900 6652 2630 -1786 11382 END
START -464 -2372 6696 3997 -2788 10828 END
START -592 -2656 6380 5331 -3198 10058 END
START -664 -2700 6500 6559 -2673 9373 END
START -796 -2316 7524 7389 -1625 9110 END
START -1380 -2256 8932 7611 -836 9202 END
START -2336 -3304 9864 7660 -386 9267 END
START -3424 -4300 10736 7900 -114 8836 END
START -4312 -5248 11292 8298 18 7982 END
START -4820 -6152 11736 8779 55 7056 END
START -5280 -6700 12236 9155 226 6116 END
START -5636 -7664 12640 9563 680 4968 END
START -6640 -8640 13808 10056 1846 3617 END
START -7776 -9380 15628 10520 2416 1848 END
START -8372 -9908 17704 10856 1689 -165 END
START -8324 -9608 19344 11213 -116 -2633 END
START -6632 -9172 19388 11670 -1472 -4417 END
START -5376 -9064 20544 11627 -1225 -5395 END
START -4700 -9080 22860 10484 -591 -6243 END
START -4484 -9048 24108 8877 -36 -6858 END
START -4200 -9104 25024 7470 -61 -7514 END
START -3548 -9320 24956 6540 -110 -8333 END
START -2496 -9800 25136 5720 255 -9143 END
START -1744 -10264 25596 4701 898 -10008 END
START -696 -10260 26860 3191 1460 -10946 END
START 432 -9408 28288 1340 1214 -11749 END
START 2164 -8532 28568 -145 289 -12006 END
START 3920 -7744 28708 -1492 -527 -11784 END
START 5752 -6824 27900 -3083 -1098 -11255 END
START 7172 -5948 27644 -4926 -643 -10219 END
START 7700 -5112 26632 -7204 541 -8989 END
START 7768 -4792 25556 -9444 2002 -7908 END
START 7432 -4744 24588 -11401 2852 -7417 END
START 7064 -4040 22984 -12462 2519 -7339 END
START 7504 -2772 20912 -12507 1187 -7176 END
START 8400 -1380 19376 -12236 -830 -6433 END
START 8900 -524 16900 -12043 -2152 -4958 END
START 8400 -172 13680 -11749 -2218 -3450 END
START 8420 -132 11532 -11600 -1198 -2163 END
START 7820 -532 9840 -11677 608 -998 END
START 6872 -932 8948 -11513 1780 -442 END
START 5924 -1236 8196 -10949 1879 -365 END
START 5208 -1164 7580 -9529 765 -598 END
START 5620 -652 6736 -7653 -673 -605 END
START 5996 -28 6008 -6016 -1632 -133 END
START 6024 240 5048 -4771 -1927 667 END
START 5628 276 4064 -3722 -1284 1528 END
START 5088 60 3932 -2846 239 2286 END
START 4360 -440 4424 -2292 1210 2727 END
START 3676 -972 4416 -1640 1715 2864 END
START 3032 -1152 4520 -506 1696 2770 END
START 2336 -1500 4980 1124 708 2545 END
START 2148 -1532 4468 3178 -530 2457 END
START 1732 -1748 4592 5212 -980 2502 END
START 1280 -2144 5228 6588 -932 2444 END
START 908 -2472 6616 7367 -381 2189 END
START 336 -3056 7788 7714 540 1873 END
START -404 -3424 9012 7886 995 1409 END
START -780 -3884 9596 8151 1119 679 END
START -936 -3960 10448 8614 1245 -278 END
START -564 -3628 11348 9212 1175 -889 END
START -448 -3464 13064 9672 1133 -1062 END
START -884 -4104 13944 10214 472 -1174 END
START -1136 -5132 14852 10976 -216 -1587 END
START -1148 -5636 15944 11456 -579 -2452 END
START -956 -5592 17200 11315 -183 -3321 END
START -700 -5684 18672 10654 699 -3810 END
START -696 -6416 20136 9623 1782 -4040 END
START -1232 -7248 21336 8652 2709 -4308 END
START -1764 -8328 22452 7872 3345 -4653 END
START -2408 -8860 24036 6968 3590 -5280 END
START -2476 -9008 25416 5736 3050 -6132 END
START -2080 -9136 26020 4502 2316 -7119 END
START -1384 -8972 26548 3405 1574 -8313 END
START -536 -8412 26900 2450 403 -9537 END
START 1040 -7348 26232 1544 -517 -10335 END
START 2956 -6224 25240 520 -596 -10697 END
START 4844 -4732 24788 -917 -121 -10487 END
START 6068 -3368 24056 -2541 -165 -9766 END
START 7040 -2524 22872 -3728 -814 -8895 END
START 8036 -1948 21160 -4534 -1882 -8045 END
START 9088 -1360 18540 -4567 -2486 -7103 END
START 10112 -768 16096 -4179 -1934 -5884 END
START 10408 -240 15472 -4049 -607 -4606 END
START 10440 204 15064 -4271 262 -3046 END
START 10016 196 14284 -4533 974 -1380 END
START 8816 -92 13536 -4694 1529 -99 END
START 7796 -600 13332 -4712 1962 678 END
START 6668 -1108 13648 -4570 1747 1011 END
START 5696 -1464 13896 -4377 851 1015 END
START 4968 -2060 13768 -4137 -406 811 END
START 4816 -2296 12888 -3606 -1181 526 END
START 5416 -2272 12476 -2771 -814 507 END
START 6092 -2284 13432 -1837 98 906 END