START -3828 -5672 20568 3877 1327 -567 END
START -3612 -4940 21520 3061 2092 -880 END
START -2576 -6576 18580 3162 896 -806 END
START -3592 -6500 20228 2396 1607 -1032 END
START -4084 -6140 21380 1594 2191 -1699 END
START -4416 -6572 23088 349 2035 -2535 END
START -4076 -6804 23396 -1075 1314 -3381 END
START -3580 -6700 23232 -2529 884 -4382 END
START -2664 -6144 22920 -3624 531 -5132 END
START -1924 -5348 22952 -4529 -108 -5383 END
START -1084 -4648 22236 -5501 -1057 -5301 END
START -216 -4056 20196 -6259 -1641 -5114 END
START 860 -3904 19316 -6771 -755 -4795 END
START 1160 -3736 19516 -7487 -92 -4567 END
START 1748 -3152 19252 -8268 -108 -4300 END
START 2392 -2644 18372 -8779 -419 -3697 END
START 2628 -2336 17396 -8935 -861 -2995 END
START 3004 -2276 16096 -8852 -1092 -2351 END
START 3324 -2312 14960 -8427 -983 -1685 END
START 3248 -1628 13772 -7998 -1177 -948 END
START 4120 -1280 12908 -7666 -1354 209 END
START 4664 -928 12580 -7591 -780 1561 END
START 4904 -744 11940 -7466 -658 3109 END
START 4476 -500 11472 -7020 -1084 4682 END
START 4188 -624 11156 -6221 -1755 6015 END
START 3740 -936 11056 -5547 -2292 7129 END
START 3552 -1020 10296 -5145 -2305 7962 END
START 2912 -1108 9332 -4732 -1782 8609 END
START 2588 -1288 9268 -4188 -1090 9341 END
START 1892 -1284 9232 -3602 -938 9952 END
START 1124 -1564 8860 -2731 -814 10625 END
START 68 -2000 9520 -1685 -734 11219 END
START -956 -2364 10020 -920 -828 11547 END
START -2536 -2996 10856 -342 -1418 11518 END
START -3616 -3560 10168 252 -1965 11178 END
START -4472 -3988 9996 898 -1704 10600 END
START -5420 -4336 9832 1493 -1017 9890 END
START -6612 -4664 10564 1947 -408 8983 END
START -7496 -4972 10732 2273 -223 8036 END
START -8100 -5320 10892 2777 63 7078 END
START -8652 -5844 11760 3255 327 6162 END
START -9388 -6056 12296 3628 347 5219 END
START -10192 -6408 12544 3947 -223 3999 END
START -10468 -7020 12760 4356 -354 2621 END
START -10884 -7012 13184 4846 67 1107 END
START -11216 -7104 14120 5207 577 -411 END
START -10528 -6860 14920 5435 916 -1824 END
START -9948 -6244 15540 5453 1175 -2857 END
START -9936 -6396 16344 5321 1380 -3705 END
START -9644 -6656 17448 5039 1246 -4699 END
START -9332 -6792 17508 4833 1301 -5736 END
START -9100 -6460 17728 4658 1742 -6649 END
START -8916 -6572 18272 4433 2276 -7536 END
START -8564 -6620 18976 4045 2622 -8492 END
START -8160 -6384 19476 3579 2375 -9434 END
START -7080 -6428 19648 3354 1797 -10212 END
START -6600 -6440 19676 3151 1302 -10924 END
START -5924 -6780 19628 2789 1012 -11745 END
START -4580 -6776 19984 2288 1011 -12898 END
START -2976 -6084 20940 1350 1080 -13706 END
START -828 -4964 21140 295 427 -13993 END
START 1096 -4088 21024 -528 -68 -13618 END
START 2968 -3224 20420 -1326 -417 -12773 END
START 4352 -2180 19396 -2074 -516 -11565 END
START 5412 -1680 18776 -2559 -408 -10060 END
START 5812 -1748 18224 -2848 -565 -8423 END
START 5952 -1540 16788 -3036 -1176 -6958 END
START 6240 -1516 14932 -2929 -1859 -5631 END
START 6320 -1344 13940 -2703 -1623 -4217 END
START 5864 -1136 12528 -2512 -1466 -2868 END
START 5552 -1320 10908 -2152 -1166 -1687 END
START 4732 -1088 10096 -1644 -602 -644 END
START 3988 -1232 9756 -1171 -23 178 END
START 3320 -1388 9624 -776 129 701 END
START 2764 -1180 9340 -249 3 1085 END
START 2444 -820 8864 384 -164 1515 END
START 2000 -364 8500 1247 -158 2049 END
START 1140 -440 8660 2091 5 2693 END
START 72 -816 9124 2810 11 3182 END
START -1556 -1476 9444 3429 -412 3231 END
START -2520 -2156 9664 4199 -852 2777 END
START -3112 -2852 10288 4829 -1077 1846 END
START -2784 -2684 10516 5411 -1358 858 END
START -2220 -2048 10452 6139 -1497 329 END
START -1552 -1508 11280 6843 -1360 459 END
START -1428 -1620 12344 7177 -1085 883 END
START -1652 -2180 13672 7335 -1060 1179 END
START -2052 -2752 14412 7749 -1564 1411 END
START -2252 -3448 14980 8272 -1612 1358 END
START -2680 -4396 16324 8606 -1115 923 END
START -2960 -5388 18904 8286 -304 248 END
START -3048 -5508 20596 7365 -18 -464 END
START -2680 -5204 21288 6333 81 -996 END
START -2512 -4652 21828 5509 705 -1065 END
START -2384 -4816 23344 4541 761 -899 END
START -2380 -5012 24168 3470 234 -1071 END
START -2152 -4732 24064 2574 -906 -1431 END
START -1688 -4340 23960 1796 -1708 -1813 END
START -1284 -4088 24704 754 -2242 -2180 END
START -848 -3812 24996 -741 -3149 -2499 END
START -28 -3512 23988 -2312 -3788 -2475 END
START 876 -3412 22416 -3430 -3986 -2198 END
START 1484 -3228 20912 -3971 -3248 -1803 END
START 2456 -3084 20824 -4071 -2644 -1230 END