START -3804 -4700 15692 1062 289 4647 END
START -4520 -4300 20352 -60 273 4501 END
START -2608 -5728 13188 672 -2599 4975 END
START -4644 -6972 13096 834 -655 4979 END
START -6564 -6572 13268 1256 -937 3546 END
START -7244 -6576 13052 1444 -2109 2213 END
START -6708 -6056 12672 1662 -2280 1274 END
START -5808 -6664 12188 1567 -1572 826 END
START -6204 -6460 12664 1400 -672 365 END
START -6640 -6452 11688 1584 -282 -162 END
START -7172 -7136 12064 1983 160 -1033 END
START -8068 -7808 12384 2502 180 -2492 END
START -8956 -8308 12620 3151 112 -4566 END
START -8992 -7828 12304 3831 348 -6754 END
START -7952 -6392 13408 4026 985 -8442 END
START -6184 -5728 15104 3583 1751 -8910 END
START -6000 -5196 16296 2886 1761 -8751 END
START -6348 -5724 17092 2409 934 -8735 END
START -6432 -6192 16968 2342 -232 -9220 END
START -6124 -6656 16488 2448 -535 -9903 END
START -5800 -6780 16680 2307 -354 -10741 END
START -4980 -6668 16912 1950 54 -11770 END
START -4416 -6624 17156 1450 551 -12563 END
START -3752 -6652 17024 951 835 -13313 END
START -2752 -6188 16912 716 998 -14113 END
START -532 -5532 17388 442 1355 -14302 END
START 644 -5004 17992 -45 1210 -13819 END
START 952 -5312 18208 -479 665 -13234 END
START 1592 -5764 17380 -709 156 -13054 END
START 2064 -5932 16964 -887 137 -13413 END
START 3340 -5620 17292 -1272 202 -13761 END
START 5284 -4948 17372 -1930 176 -13816 END
START 7220 -4416 17620 -2558 168 -13156 END
START 8108 -4204 17792 -3149 262 -12184 END
START 8688 -4012 17132 -3326 364 -11292 END
START 9012 -3560 17264 -3337 82 -10288 END
START 9724 -2692 17264 -3414 -574 -9101 END
START 10688 -2196 16284 -3718 -1677 -7120 END
START 10836 -2264 14744 -4078 -1812 -4699 END
START 10248 -2924 13328 -4402 -971 -2472 END
START 9440 -3832 11572 -4519 -14 -702 END
START 8116 -4184 10636 -4222 591 402 END
START 7456 -4416 10116 -3412 546 1136 END
START 6732 -4240 9892 -2226 32 1932 END
START 5836 -4332 9608 -988 -874 2594 END
START 5476 -4588 9028 108 -1360 3049 END
START 5216 -4180 8880 824 -1370 3335 END
START 5536 -3568 8268 1358 -1327 3795 END
START 5832 -2876 8296 1976 -907 4647 END
START 5628 -2776 8860 2442 -582 5700 END
START 5096 -2620 9296 2875 -316 6664 END
START 4536 -2616 9832 3429 -119 7404 END
START 4080 -2604 10404 4065 -308 7821 END
START 4136 -2392 10672 4710 -464 8219 END
START 4560 -2036 10508 5256 -255 8757 END
START 4716 -1796 11172 5767 442 9624 END
START 3908 -1688 12544 6046 738 10583 END
START 3488 -1656 13440 6282 524 11440 END
START 3012 -1400 14396 6534 343 12281 END
START 2260 -1576 15600 6665 -165 13136 END
START 2260 -2176 15468 6709 -810 14071 END
START 1312 -2356 15304 6956 -574 15077 END
START -388 -3472 16612 7049 -112 15757 END
START -2264 -4340 17508 6876 -282 15614 END
START -2980 -4848 18248 6696 -1269 14952 END
START -2664 -4756 18168 6642 -2151 14434 END
START -2532 -4584 17052 6803 -2231 14106 END
START -3412 -4932 18212 6694 -1160 13866 END
START -4184 -5968 18676 5841 -210 13417 END
START -5520 -5808 19476 4885 519 12386 END
START -6184 -5852 19204 4540 -84 11236 END
START -6640 -5924 18860 4596 -489 10208 END
START -6668 -6244 18876 4268 -554 8808 END
START -6440 -6692 18768 3438 -415 7084 END
START -5940 -6348 18364 2730 219 5534 END
START -5408 -5520 18276 2421 652 4530 END
START -5260 -4924 18848 2511 763 4104 END
START -5292 -4684 19168 2582 155 3910 END
START -5408 -4640 19328 2462 -343 3523 END
START -5316 -4784 19200 1931 -390 2773 END
START -4964 -4652 18916 1235 -21 1946 END
START -4852 -4608 19020 658 335 1232 END
START -4868 -4376 19372 172 187 604 END
START -5056 -4384 18688 -5 -108 83 END
START -5364 -4272 18692 41 -190 -444 END
START -5908 -4396 18512 -109 -562 -1218 END
START -5784 -4496 17708 -300 -633 -2173 END
START -5816 -4224 17628 -600 -515 -3257 END
START -5404 -3724 17496 -865 -324 -4183 END
START -5292 -2780 18220 -1277 -303 -4803 END
START -4988 -2260 17692 -1667 -742 -4940 END
START -5096 -1916 16556 -1619 -1032 -4855 END
START -5648 -2592 15908 -1436 -885 -5172 END
START -6252 -2688 15916 -1531 -260 -6079 END
START -6252 -2092 16104 -1881 -38 -6964 END
START -6400 -2156 15920 -1963 -54 -7262 END
START -6992 -2504 16092 -1856 -236 -7536 END
START -7712 -3472 15532 -1661 -800 -8423 END
START -7944 -3880 15192 -1471 -1138 -9995 END
START -6664 -3664 14264 -1199 -1245 -11661 END
START -5160 -3196 14300 -863 -1085 -13044 END
START -3188 -2700 14436 -674 -953 -14022 END
START -800 -1656 14432 -636 -1072 -14631 END
START 1708 -792 14224 -535 -1170 -14755 END
START 4292 24 14312 -380 -1138 -14198 END
START 6748 628 13924 -128 -977 -12963 END
START 8212 720 13568 312 -546 -11195 END
START 9188 608 13744 666 285 -9544 END
START 9508 660 14556 811 771 -8030 END
START 9788 412 14700 976 954 -6499 END
START 9660 248 14816 1152 1417 -4933 END
START 9192 -476 15724 1096 2152 -3293 END
START 8364 -1632 17068 509 2186 -2035 END
START 7672 -2604 16900 82 1640 -1261 END
START 7056 -2972 16420 111 1239 -601 END
START 6008 -3376 16544 291 991 91 END
START 5164 -3700 16660 368 830 538 END
START 4140 -3752 17224 211 461 617 END
START 3680 -4012 17572 -137 -76 749 END
START 3404 -3980 17296 -401 -573 875 END
START 3016 -4044 16384 -484 -875 1096 END
START 2440 -4244 16316 -362 -648 1327 END
START 1856 -4368 16112 -340 -558 1329 END
START 1084 -4464 16488 -463 -588 1176 END
START 660 -4440 16564 -512 -897 1035 END
START 124 -4148 16516 -526 -1190 874 END
START 128 -4124 16488 -663 -1500 790 END
START 148 -4092 16600 -904 -1582 581 END
START 196 -3600 16444 -1114 -1692 322 END
START 436 -2772 16552 -1185 -1911 332 END
START 472 -2392 17164 -1310 -2343 633 END
START 644 -2320 17160 -1559 -3078 1081 END
START 76 -2536 17020 -1819 -3462 1393 END
START -352 -3264 16452 -1924 -4174 1263 END
START -192 -4384 14672 -1412 -4537 873 END
START 100 -4644 12844 -140 -3162 271 END
START -436 -4236 14848 440 -1304 -464 END
START -680 -4180 16940 65 -1012 -1371 END
START 80 -4056 16708 -514 -1407 -1885 END
START 840 -3396 15460 -717 -923 -1943 END
START 1660 -3172 16296 -952 357 -1678 END
START 1604 -3172 17620 -1564 838 -1322 END
START 1596 -2416 18180 -2093 385 -1126 END
START 2204 -1480 18120 -2110 -466 -538 END
START 2872 -1364 18336 -1999 -1190 704 END