START -2940 -5108 17444 -3244 1130 -1184 END
START -3064 -4720 24340 -4117 780 -1423 END
START -1688 -5836 12096 -3155 510 -969 END
START -3688 -5888 14988 -2611 427 -611 END
START -4528 -7004 14948 -2296 1022 -1095 END
START -6060 -8124 15420 -2823 1593 -2422 END
START -6700 -8252 14468 -3319 1837 -4387 END
START -6884 -7704 14080 -3361 2125 -6466 END
START -6380 -6512 14076 -3459 1933 -7831 END
START -6092 -5980 13744 -3514 1088 -8456 END
START -5444 -6068 12660 -3069 126 -8934 END
START -5056 -6176 11252 -2295 -410 -9698 END
START -4684 -5680 10584 -1185 -858 -10868 END
START -3944 -4840 10208 -229 -1029 -11883 END
START -2584 -4464 9992 462 -1335 -12514 END
START -1224 -4044 9536 1000 -1235 -12821 END
START 208 -3512 8904 1628 -697 -12833 END
START 1712 -2864 9044 2274 -55 -12581 END
START 3308 -2580 8784 2892 474 -12041 END
START 4556 -2080 8692 3774 1416 -11389 END
START 6236 -1840 9924 4561 2154 -10467 END
START 8216 -1336 11236 5091 2060 -9310 END
START 10460 -908 11844 5618 1343 -7869 END
START 12864 -72 12396 6170 415 -5745 END
START 14336 324 13216 6882 1455 -2691 END
START 14112 320 15280 7460 1318 919 END
START 12564 -212 16744 7457 858 4194 END
START 10564 -1580 17944 6884 625 6717 END
START 8404 -3108 18656 5919 502 8316 END
START 6196 -4156 19256 4870 573 9046 END
START 4968 -4904 19172 4109 502 9506 END
START 4148 -5904 19576 3556 431 9947 END
START 2816 -6032 19780 3101 365 10250 END
START 1172 -6328 19152 2793 267 10683 END
START -276 -7164 18896 2637 666 10986 END
START -2088 -8116 19448 2368 1384 10508 END
START -3828 -8464 20208 1714 1437 9486 END
START -5100 -8640 20252 970 1046 8452 END
START -6348 -8784 20116 332 616 7280 END
START -7232 -9088 19896 -170 174 5856 END
START -8076 -8772 19464 -555 -388 4192 END
START -8408 -8424 19392 -953 -1126 2606 END
START -8584 -8076 18628 -1279 -1628 1153 END
START -8324 -7712 17944 -1645 -1624 -227 END
START -8020 -7204 17020 -2108 -1387 -1807 END
START -7176 -6384 16100 -2358 -868 -3137 END
START -6460 -5748 15632 -2539 -416 -3966 END
START -5820 -5040 14644 -2557 -36 -4780 END
START -5384 -4736 14100 -2485 649 -5446 END
START -4748 -4280 14012 -2395 877 -6178 END
START -4024 -3736 13496 -2224 512 -6851 END
START -2896 -3008 12480 -1836 351 -7147 END
START -2240 -2352 11932 -1341 561 -7089 END
START -1612 -2560 11304 -855 968 -6996 END
START -1380 -2396 10640 -264 1610 -7088 END
START -920 -1876 10444 234 2124 -7102 END
START -124 -1540 10468 750 2481 -6929 END
START 996 -1296 10064 1329 2556 -6424 END
START 1928 -1092 9788 2113 2668 -5838 END
START 3532 -920 9904 2888 2658 -5080 END
START 4664 -324 9872 3852 2676 -3956 END
START 5340 -60 10284 4964 2809 -2647 END
START 5772 -184 10712 6085 2751 -1428 END
START 6124 -312 11696 7061 2862 -281 END
START 6224 -364 13188 7603 2592 771 END
START 6536 -580 14500 7770 2255 1790 END
START 7064 -832 14696 7881 1847 2675 END
START 7080 -852 15424 8048 1794 3692 END
START 7148 -968 16616 8041 1932 4852 END
START 6640 -800 17500 7698 1901 6122 END
START 6008 -1384 18244 7066 1647 7308 END
START 5548 -1868 18468 6494 1340 8201 END
START 5364 -2228 18016 6125 1393 8831 END
START 4904 -2208 18452 5945 1810 9481 END
START 4476 -2292 19128 5583 1970 10261 END
START 3524 -2468 20264 5254 1849 11027 END
START 2052 -3008 21940 4780 1045 11435 END
START 1156 -3192 21828 4293 -151 11582 END
START 708 -3096 21412 3698 -777 11551 END
START 228 -2672 20944 3011 -578 11812 END
START -492 -2952 21712 2125 15 12426 END
START -1888 -3620 22780 934 410 12920 END
START -3656 -4536 22256 -6 -522 12742 END
START -4828 -5148 21200 -434 -878 11908 END
START -5492 -5268 22032 -942 -607 10725 END
START -6104 -5004 22784 -1921 -791 9575 END
START -7424 -4388 21624 -2779 -1677 8569 END
START -7920 -4808 20756 -3103 -1582 7567 END
START -8576 -5432 21144 -3628 -1199 6152 END
START -8736 -5096 21156 -4245 -1204 4444 END
START -8312 -4188 20680 -4778 -1437 3159 END
START -8372 -3392 20488 -5349 -1386 2214 END
START -8724 -3156 20596 -6098 -1573 1384 END
START -8424 -3216 20240 -6829 -2103 524 END
START -8344 -2984 18564 -7264 -2272 -425 END
START -8704 -3048 18036 -7396 -1871 -1528 END
START -8968 -2876 17356 -7438 -1510 -2622 END
START -9228 -2960 16992 -7513 -1344 -3708 END
START -9036 -2980 15844 -7496 -1107 -4871 END
START -9032 -3004 15412 -7488 -616 -5963 END
START -9192 -3020 14984 -7558 -167 -6930 END
START -9584 -3108 14908 -7632 201 -7935 END
START -10292 -3716 14932 -7754 514 -9057 END
START -10532 -4064 14600 -7743 411 -10632 END
START -10088 -4092 14184 -7434 213 -12377 END
START -8836 -3620 13400 -6939 -370 -14033 END
START -7180 -3044 12416 -6303 -574 -15331 END
START -5400 -2484 11604 -5751 -456 -16192 END
START -3232 -2068 11040 -5123 145 -16477 END
START -1808 -1608 10952 -4586 980 -16457 END
START -28 -1352 10700 -4142 1748 -16466 END
START 1736 -76 11224 -3758 2562 -16363 END
START 4076 740 11912 -3246 2578 -15720 END
START 6704 1532 12788 -2648 2136 -14230 END
START 8508 1784 12604 -1795 1127 -12146 END
START 10316 1812 12744 -785 94 -9920 END
START 11632 1764 12744 -22 -267 -7578 END
START 11536 1452 13064 368 637 -4890 END
START 10676 488 12760 359 1106 -2906 END
START 9820 -932 13208 132 1767 -1620 END
START 8868 -1836 13152 -109 2506 -676 END
START 7656 -2272 13364 -208 2786 265 END
START 6700 -2956 13596 -83 2569 1150 END
START 5876 -3924 13868 270 1736 1895 END
START 4820 -4404 13728 744 969 2498 END
START 3912 -4640 13828 1188 634 3037 END
START 2660 -4960 14200 1489 736 3526 END
START 1712 -5976 15020 1531 576 3817 END
START 268 -6996 14816 1556 512 3493 END
START -932 -7676 15256 1482 790 2307 END
START -1320 -7772 15876 1226 868 925 END
START -904 -6904 16228 1055 725 118 END
START -324 -6208 16784 1100 104 146 END
START -364 -5716 17252 1061 -722 649 END
START -288 -5888 16720 1040 -1656 1160 END
START -596 -6244 16880 940 -1664 1139 END
START -696 -6316 17584 482 -1914 842 END
START -676 -5856 17312 -18 -2496 398 END
START -188 -5496 16616 -103 -2810 88 END
START 288 -5136 16692 -97 -2944 25 END
START 612 -4680 16332 -91 -3108 268 END