START -1664 -5368 9596 -682 1969 4394 END
START -3744 -2996 2612 -1554 1754 4271 END
START -1476 -6836 7904 -384 -45 4494 END
START -2912 -6952 7192 726 1231 3645 END
START -3196 -6240 7296 2123 1015 2128 END
START -2708 -5284 7144 3319 669 1287 END
START -1808 -4888 7904 4342 624 996 END
START -1548 -3844 8892 4783 177 833 END
START -1092 -3532 8652 5113 -277 1062 END
START -528 -3512 8596 5487 -129 1510 END
START -636 -3788 8400 5872 291 1793 END
START -448 -4064 8728 6219 937 1930 END
START -304 -3864 9532 6423 1378 2033 END
START -704 -4292 10240 6831 1076 2282 END
START -1088 -4616 10196 7417 502 2288 END
START -1152 -4836 10168 8090 75 1928 END
START -784 -4624 10960 8754 51 1491 END
START -1036 -3688 11428 9219 72 1562 END
START -796 -3760 11908 9684 -26 1833 END
START -472 -4116 13200 10017 -330 2078 END
START -500 -4532 12880 10425 -891 2259 END
START -380 -5024 13140 10906 -511 2361 END
START -468 -5308 14100 10855 415 2491 END
START -720 -5524 15672 10446 1211 2649 END
START -872 -5720 16912 10013 1181 2713 END
START -1072 -5788 17084 9964 842 2827 END
START -1424 -5816 17724 10135 759 3010 END
START -1636 -6448 18692 10059 1074 3125 END
START -2048 -6640 20072 9284 1217 2886 END
START -1960 -6824 20660 8251 1016 2676 END
START -2056 -6480 20840 7446 900 2483 END
START -2232 -6384 21476 6922 539 2314 END
START -2264 -6552 21456 6595 -143 2386 END
START -2232 -7036 21288 6463 -561 2258 END
START -2096 -7108 21616 5899 -320 1883 END
START -1904 -7060 22156 4757 210 1608 END
START -2112 -6968 22748 3560 657 1539 END
START -2552 -6808 22840 2476 773 1547 END
START -2708 -6648 22872 1684 444 1444 END
START -2532 -6912 23208 952 143 1432 END
START -2832 -6656 23760 121 -118 1436 END
START -3128 -6752 22900 -686 -345 1304 END
START -3132 -6916 22680 -1430 -42 1036 END
START -3728 -6536 22684 -2321 222 887 END
START -4152 -6416 22044 -3097 380 749 END
START -4600 -6520 21708 -3724 595 521 END
START -5196 -6552 22144 -4538 548 -40 END
START -5216 -6692 21500 -5388 267 -797 END
START -4952 -6084 20420 -6121 196 -1489 END
START -4360 -5668 19740 -6686 288 -1983 END
START -4184 -5124 19560 -7132 28 -2369 END
START -4000 -4536 18856 -7329 -719 -2558 END
START -3984 -4308 17940 -7360 -1340 -2585 END
START -3892 -4012 16276 -7513 -1614 -2759 END
START -3520 -4144 14636 -7603 -784 -3120 END
START -3460 -4188 14564 -7790 387 -3576 END
START -3172 -4072 13980 -7971 865 -3916 END
START -3088 -3756 13784 -7775 998 -4051 END
START -3308 -3668 13236 -7289 508 -4127 END
START -3464 -3736 13012 -6715 231 -4107 END
START -3476 -3960 12268 -6341 -108 -4330 END
START -3716 -4032 11740 -6036 -187 -4785 END
START -3432 -4300 11496 -5760 -196 -5274 END
START -3284 -3972 10816 -5416 -110 -5708 END
START -3256 -3940 10900 -5063 -140 -6232 END
START -2988 -4056 10320 -4469 -199 -6728 END
START -2600 -3864 9548 -3756 -341 -7144 END
START -2072 -3412 9152 -2900 -257 -7424 END
START -1380 -3120 9508 -2146 -89 -7352 END
START -1260 -3060 9516 -1486 -521 -7108 END
START -936 -3252 9172 -671 -1228 -6939 END
START -744 -3364 8692 200 -1672 -6869 END
START -56 -3484 8044 881 -1489 -6875 END
START 572 -3384 7768 1490 -528 -6956 END
START 1392 -3172 7756 2051 163 -7051 END
START 2332 -2676 7876 2685 493 -6882 END
START 3220 -2260 7756 3384 897 -6417 END
START 3876 -1532 7820 4235 1299 -5857 END
START 4544 -1144 8448 5385 866 -5188 END
START 5212 -684 8628 6571 405 -4266 END
START 5796 -108 9008 7438 169 -3183 END
START 5952 -176 9280 7995 281 -2091 END
START 5984 -752 9476 8466 1302 -840 END
START 5156 -1832 10992 8844 2383 507 END
START 3756 -3156 13384 8998 3313 1664 END
START 1672 -4468 15316 8975 3267 2419 END
START -212 -5912 16528 9090 2794 2675 END
START -1908 -7624 18772 9134 2587 2202 END
START -2880 -8680 21328 8627 1991 1068 END
START -2984 -8784 23172 7736 299 -169 END
START -2640 -8256 23364 7128 -1143 -933 END
START -2204 -7828 23656 6527 -1959 -1401 END
START -1612 -7488 23628 5704 -2045 -1677 END
START -1140 -7392 23756 4400 -1416 -1933 END
START -544 -6908 23608 2875 -981 -2136 END
START 20 -6352 22876 1728 -681 -2207 END
START 484 -5868 22928 1036 -646 -2084 END
START 872 -5504 22848 316 -1132 -1785 END
START 852 -5292 22392 -337 -1782 -1418 END
START 912 -4852 21308 -934 -2104 -1179 END
START 708 -4820 20824 -1575 -2093 -1146 END
START 252 -4728 20188 -2422 -2111 -1371 END
START 584 -5096 19464 -3295 -1989 -1754 END
START 976 -4868 18372 -3996 -1798 -1947 END
START 1316 -4704 17420 -4207 -1308 -1808 END
START 1260 -4640 16844 -3827 -787 -1590 END