START 3584 -2628 10588 -3728 -306 -361 END
START 3432 -2336 16460 -4149 -1106 99 END
START 4324 -4612 5624 -2311 -858 1485 END
START 624 -4960 7708 -435 1619 2066 END
START -1360 -5328 8784 820 968 954 END
START -1644 -5364 8932 1552 -1275 -457 END
START -1036 -4596 7352 2347 -2706 -1648 END
START 124 -3364 5592 3028 -2417 -2354 END
START 1200 -2648 4976 3261 -343 -2286 END
START 1276 -1756 5596 3346 1334 -1971 END
START 1492 -1220 6164 3774 1848 -1351 END
START 1436 -892 6600 4447 1452 -565 END
START 1232 -1032 6496 5451 761 -100 END
START 1064 -684 6800 6718 18 158 END
START 1460 -776 7316 7723 -675 556 END
START 944 -668 7936 8428 -1282 1038 END
START 692 -972 8452 8998 -1624 1333 END
START 784 -1420 8576 9436 -1216 1564 END
START 608 -1652 8904 9680 -236 1597 END
START 948 -2552 8880 9879 956 1708 END
START 924 -3088 10208 10169 2512 1837 END
START 640 -3320 12660 10410 3602 1975 END
START -212 -4520 15248 10950 3392 2367 END
START -992 -5460 17880 11511 2450 2589 END
START -2140 -6344 20400 11616 1207 2370 END
START -2756 -7124 22060 11366 415 1978 END
START -2760 -8076 23692 10660 177 1469 END
START -3420 -8440 25732 9353 478 640 END
START -3520 -8140 27000 7772 277 -246 END
START -3068 -7528 27480 6242 -28 -875 END
START -2700 -6988 27760 4832 -291 -1176 END
START -2428 -6412 27588 3447 -481 -1154 END
START -2328 -6324 27440 1955 -1098 -1179 END
START -2032 -6040 26096 686 -1896 -1397 END
START -1748 -5576 24724 -343 -2523 -1667 END
START -1224 -5072 23300 -1309 -2864 -1782 END
START -780 -4588 21688 -2352 -2768 -1726 END
START -876 -4308 20756 -3449 -2513 -1836 END
START -392 -3916 20012 -4620 -2404 -2001 END
START 416 -3368 18944 -5526 -2390 -1689 END
START 1376 -2912 17708 -5745 -2412 -920 END
START 1968 -2856 16556 -5327 -2134 41 END